Name:
Угадай число - 2

Statement:
<p>Август и Беатриса <a href="http://informatics.mccme.ru/moodle/mod/statements/view3.php?chapterid=3755#1">продолжают играть в игру</a>, но Август начал жульничать.
На каждый из вопросов Беатрисы он выбирает такой вариант ответа <code>YES</code> или <code>NO</code>,
чтобы множество возможных задуманных чисел оставалось как можно больше. Например,
если Август задумал число от 1 до 5, а Беатриса спросила про числа 1 и 2, то Август
ответит <code>NO</code>, а если Беатриса спросит про 1, 2, 3, то Август ответит <code>YES</code>.</p>

<p>Если же Бетриса в своем вопросе перечисляет ровно половину из задуманных чисел, то Август
из вредности всегда отвечает <code>NO</code>.</p>

<p>Наконец, Август при ответе учитывает все предыдущие вопросы Беатрисы и свои ответы на них,
то есть множество возможных задуманных чисел уменьшается.</p>

Test:
10
1 2 3 4 5
2 4 6 8 10
HELP

Answer:
NO
YES
6 8 10


Test:
10
1
2
3
4
5
6
7
8
9
HELP

Answer:
NO
NO
NO
NO
NO
NO
NO
NO
NO
10


Test:
16
1 2 3 4 5 6 7 8
9 10 11 12
13 14
16
HELP

Answer:
NO
NO
NO
NO
15


Test:
100
2 3 5 6 9 12 13 14 15 17 19 21 22 24 25 28 31 32 33 34 35 38 43 46 48 54 55 56 57 58 60 61 63 69 70 71 76 77 78 79 80 81 83 91 92 93 94 95 96 99
2 5 6 7 8 11 13 14 19 24 25 26 28 29 30 31 34 36 37 38 40 42 43 46 49 50 54 55 56 57 61 62 65 68 70 71 72 75 78 79 80 81 82 83 87 90 91 96 99 100
2 4 6 7 9 11 13 16 20 21 28 29 31 33 34 36 40 41 42 43 45 46 47 48 50 52 54 55 59 64 65 68 69 70 71 73 77 78 81 82 83 84 88 90 92 93 96 98 99 100
1 4 5 7 9 10 12 13 15 16 18 20 22 23 25 27 28 30 31 33 34 36 38 40 41 43 48 49 50 51 52 53 57 62 63 64 69 71 76 79 80 81 84 85 89 90 93 95 98 100
8 11 13 14 15 16 17 18 19 21 23 24 26 29 30 31 33 34 35 36 44 51 53 55 58 59 60 61 62 63 64 66 68 71 74 75 78 79 80 83 85 88 89 91 94 95 96 97 98 100
2 3 4 8 9 11 12 18 23 24 26 28 30 32 33 34 35 36 37 39 41 42 45 54 57 59 60 62 64 66 71 72 74 78 79 80 82 83 84 86 87 88 89 90 91 92 95 97 98 100
HELP

Answer:
NO
NO
NO
YES
YES
NO
51 53 85


Test:
1000
1 7 10 13 14 17 20 24 25 27 34 37 41 42 43 44 47 48 49 50 51 52 55 57 61 62 63 64 67 73 74 75 77 78 81 82 86 88 94 95 96 100 101 104 106 107 109 110 111 114 115 116 119 120 123 124 126 127 128 134 139 140 141 142 145 146 153 157 159 160 163 164 165 166 167 170 171 172 178 179 180 182 184 186 189 192 193 195 196 197 199 201 205 206 207 212 213 216 217 219 221 222 223 225 231 232 235 236 237 238 240 242 243 249 250 251 252 255 256 258 260 261 262 263 264 266 267 269 271 272 273 274 275 280 281 282 283 284 286 287 288 289 290 291 292 297 298 299 301 303 305 310 311 312 313 315 317 326 327 328 329 330 331 332 334 337 338 339 340 342 343 345 348 349 352 353 356 358 360 363 364 365 367 368 369 370 373 376 377 381 382 383 385 391 392 393 395 402 404 406 407 409 410 411 413 414 415 418 421 423 425 428 429 431 433 435 438 440 442 444 445 446 447 448 450 451 452 453 455 456 457 458 459 464 466 468 469 470 474 475 476 477 478 479 481 485 486 487 489 492 495 498 501 506 507 508 511 512 513 514 515 518 519 523 525 526 529 530 534 535 536 540 541 542 547 548 549 550 551 556 560 561 564 565 568 569 571 572 573 576 577 578 582 583 584 587 588 590 592 595 596 597 598 599 601 602 604 605 606 609 610 614 618 624 626 629 630 634 635 637 639 641 644 647 651 652 653 659 660 661 667 668 671 673 675 679 682 683 685 686 688 689 696 698 699 702 703 705 709 710 712 713 715 716 718 719 727 728 729 730 732 733 736 738 741 744 745 746 747 748 749 750 754 755 757 758 759 762 764 767 768 770 771 772 773 774 777 778 782 790 791 793 794 795 802 803 806 808 809 811 815 816 817 818 824 826 831 833 835 837 838 840 844 845 846 848 849 850 853 854 855 857 860 861 863 864 867 868 870 871 873 874 875 877 882 884 885 889 894 896 899 900 901 904 906 907 910 912 913 915 916 917 918 920 921 922 925 927 929 930 931 932 935 936 937 939 940 943 944 945 947 952 953 954 956 957 959 964 965 973 974 975 977 978 980 981 982 983 985 987 989 992 993 994 995 996 997 998 999 1000
5 13 15 17 18 21 23 24 25 26 28 30 32 38 41 42 44 46 48 49 51 52 56 63 65 66 71 75 79 83 84 87 88 92 93 94 95 98 99 100 101 103 104 107 110 112 113 114 116 117 118 120 122 123 124 126 127 128 129 130 136 139 140 141 144 145 146 148 150 151 152 154 156 157 158 159 162 163 169 171 172 174 175 177 178 179 180 183 185 186 192 194 195 196 197 200 201 203 204 210 213 214 216 217 218 220 223 224 225 228 229 232 235 236 239 241 242 245 246 247 248 250 253 255 256 260 261 263 264 266 267 268 269 272 274 275 276 277 278 279 280 282 285 290 292 294 298 299 300 301 302 303 304 310 317 318 320 321 326 327 328 331 333 334 336 340 341 346 347 350 351 352 355 358 359 360 361 362 363 367 369 370 371 373 376 377 379 381 385 386 387 388 390 392 396 399 400 401 404 407 408 409 410 411 413 417 418 421 424 425 426 430 432 434 435 437 438 442 446 448 451 454 458 459 464 466 467 468 470 475 477 478 479 481 485 486 487 491 492 495 499 500 501 502 503 504 505 506 508 510 512 513 514 516 517 518 519 521 522 524 526 529 533 534 536 539 540 541 542 544 549 550 553 554 557 559 560 563 564 566 569 572 575 579 580 581 584 587 589 594 598 599 600 602 603 604 605 607 608 609 610 614 619 621 622 623 625 626 627 630 635 636 638 639 641 643 644 645 647 652 654 659 661 663 667 670 671 673 674 675 676 678 679 680 681 683 685 686 688 689 690 693 694 695 697 698 699 701 703 705 708 710 711 712 713 714 717 724 725 726 732 733 734 737 738 743 745 747 748 749 751 753 755 756 758 760 761 762 764 767 769 771 774 775 778 780 781 782 783 784 785 786 788 789 791 792 795 797 798 800 801 803 805 806 807 808 811 812 814 815 818 819 821 822 824 825 826 827 830 831 832 833 835 838 840 842 844 847 848 851 855 856 857 858 859 869 870 873 875 876 877 879 880 881 883 887 888 891 894 895 897 900 901 903 904 908 911 914 916 918 922 924 925 926 929 930 935 937 938 939 940 942 947 948 954 955 956 959 962 967 968 969 970 972 973 974 975 977 979 980 982 983 985 987 988 991 992 996 997 998
2 3 6 12 13 14 17 20 23 24 26 30 31 32 36 38 43 45 48 51 52 54 57 60 63 66 67 68 69 70 71 74 77 79 80 82 83 88 89 92 93 96 97 100 102 104 105 107 109 112 113 114 120 123 129 130 132 133 135 138 139 140 141 143 144 145 147 148 151 158 160 161 164 167 171 174 175 181 183 186 190 192 194 195 197 198 203 204 206 208 209 210 214 216 217 218 219 220 221 228 233 236 238 243 244 245 247 248 253 258 261 262 263 265 268 271 272 274 275 277 281 284 287 289 290 291 294 299 301 304 305 307 313 314 315 317 318 320 321 322 323 324 325 326 327 328 332 333 337 339 343 344 345 347 349 350 355 360 361 365 366 369 371 372 373 374 379 380 381 382 385 388 389 393 394 395 398 401 402 404 405 408 409 410 411 412 413 414 420 422 424 426 428 430 432 433 434 440 442 443 444 445 449 455 456 458 460 461 462 463 464 465 467 472 474 475 476 477 481 483 487 488 490 492 494 495 496 497 498 499 500 502 504 505 507 508 510 512 513 514 515 516 517 520 522 524 528 529 531 532 534 537 538 539 541 546 548 549 551 552 554 555 558 559 560 561 563 564 565 567 568 569 571 572 574 575 578 579 581 583 588 589 591 592 594 595 596 598 600 601 607 608 609 610 613 616 621 623 624 626 627 629 630 632 633 634 635 638 641 642 643 644 645 646 650 658 659 661 664 665 668 669 670 672 673 674 676 678 679 680 681 683 685 686 687 688 689 697 699 700 702 703 704 706 708 711 714 715 718 719 720 721 724 725 726 729 732 736 742 746 747 748 750 751 753 754 757 761 765 767 768 770 774 778 780 782 783 784 785 786 787 788 789 791 793 794 795 796 797 798 801 802 803 805 808 809 810 811 814 815 816 817 821 822 823 825 828 830 831 833 835 836 837 842 846 850 851 852 854 855 856 857 858 862 863 866 870 871 872 876 879 881 882 885 887 888 889 891 892 893 900 904 905 907 908 909 910 911 912 917 918 920 921 923 924 925 926 928 929 935 937 938 941 942 944 945 950 953 954 955 958 959 960 961 962 965 966 967 968 969 970 971 972 973 974 975 976 979 980 983 985 986 987 990 991 994 995 996 997 998
1 3 5 6 8 10 12 14 16 17 18 19 20 22 24 25 26 27 32 33 35 36 37 38 39 48 49 50 51 53 54 55 56 60 64 68 69 71 72 73 75 78 79 81 83 87 89 90 99 100 101 102 104 105 106 108 109 112 114 116 117 119 120 121 122 126 127 128 131 133 134 137 139 141 143 144 145 149 150 151 153 155 157 160 163 164 165 166 167 168 170 172 173 175 178 179 180 182 184 187 188 189 190 191 192 196 198 199 202 203 210 211 212 213 214 216 217 218 220 225 228 229 235 237 238 240 241 242 246 247 248 250 251 253 254 255 257 258 259 260 262 267 277 281 282 283 295 297 298 300 301 302 303 304 306 308 311 312 315 316 319 320 322 328 330 332 334 335 338 339 341 343 346 348 349 351 354 355 356 358 360 363 367 369 370 371 372 373 375 377 378 382 387 388 389 391 392 393 395 397 400 401 403 404 405 406 410 412 414 423 427 428 429 430 431 432 434 435 436 437 441 444 445 447 449 453 454 455 456 457 459 462 463 466 469 473 475 478 479 480 482 486 490 491 492 495 496 500 501 503 505 506 507 508 510 511 512 513 520 522 525 529 534 538 543 550 551 554 555 557 559 561 562 564 565 569 570 573 574 575 578 579 580 586 589 592 596 600 601 602 603 605 606 612 615 617 621 622 626 627 628 629 630 631 632 633 639 641 642 645 646 648 657 658 661 663 665 669 670 672 673 674 675 676 678 680 681 683 686 687 689 690 692 693 696 698 704 705 707 708 709 712 718 719 720 721 722 723 725 727 729 730 733 734 736 737 738 740 742 743 745 746 747 749 751 752 753 755 756 757 758 760 761 765 768 769 771 772 777 780 783 784 785 787 790 791 792 794 795 796 798 799 800 803 806 807 808 811 812 813 816 819 820 821 822 824 826 827 828 829 830 831 833 834 835 836 838 842 844 847 848 849 850 852 853 855 856 859 860 862 864 867 869 870 876 882 883 885 886 888 894 895 898 899 900 901 902 905 906 907 910 911 912 913 916 917 918 919 920 922 923 924 925 929 930 931 935 937 940 941 946 947 948 952 953 956 957 958 959 962 964 966 967 970 971 974 976 977 979 980 981 982 984 985 986 990 992 995 997 1000
3 10 11 12 13 14 15 16 18 19 20 21 23 25 27 33 35 36 38 45 46 47 48 49 50 52 56 58 59 61 62 64 65 67 68 69 70 71 73 76 79 83 84 85 90 93 94 96 97 100 103 105 107 108 109 110 111 113 114 117 121 123 126 128 131 137 139 145 146 147 149 151 152 154 156 159 160 161 163 164 166 168 169 171 172 173 174 176 178 180 181 184 186 187 188 189 190 192 193 194 195 197 198 203 204 205 207 209 210 214 216 217 218 220 222 223 227 228 232 237 239 240 246 250 251 252 253 255 256 257 259 261 265 266 267 268 269 270 273 282 283 285 286 289 290 293 296 298 300 302 303 305 306 308 309 310 313 315 318 319 320 321 325 326 327 328 330 334 338 339 341 345 346 349 350 351 352 354 355 357 359 360 361 363 364 370 371 375 377 379 380 381 385 388 389 392 393 394 396 397 401 402 403 404 405 410 411 415 416 419 420 424 428 430 432 435 436 440 441 444 445 448 449 453 456 461 463 465 467 469 471 473 476 478 479 481 484 495 496 497 498 501 502 503 504 507 510 511 512 514 515 516 517 519 520 522 523 526 527 529 530 532 533 534 536 538 541 543 544 547 549 551 554 555 558 559 561 564 565 566 567 568 569 575 576 577 578 579 583 587 589 591 594 597 598 600 607 608 610 612 615 617 621 623 624 625 626 627 628 631 633 638 639 641 642 645 646 648 649 650 654 655 657 658 662 665 667 669 671 672 673 674 677 684 687 689 690 691 692 693 696 697 698 699 700 705 706 712 713 714 715 716 717 718 719 721 722 723 724 725 727 729 731 732 733 734 736 738 740 744 747 748 753 754 756 760 762 767 768 769 770 771 772 773 774 777 779 780 781 782 784 785 786 787 791 792 793 794 800 802 805 807 809 813 815 816 818 819 820 823 824 829 830 835 836 837 838 839 841 842 844 845 849 850 856 857 858 859 860 861 863 864 865 866 869 874 875 879 883 886 888 889 890 893 898 901 904 906 907 908 909 913 914 915 916 917 918 919 921 922 925 926 931 932 941 942 943 944 946 948 950 951 952 953 955 956 957 959 961 965 966 967 969 970 972 973 977 980 981 983 985 987 990 991 993 994 995 996 997 1000
2 3 6 7 10 11 12 13 14 15 16 17 19 20 21 24 26 27 28 29 31 35 37 38 39 41 42 43 47 49 50 52 53 54 55 56 57 60 61 64 65 67 68 70 71 73 75 78 80 88 89 92 95 96 97 99 106 107 108 109 119 121 127 128 131 135 138 140 141 143 144 145 147 149 150 151 152 153 155 158 159 160 161 163 164 166 167 168 170 172 173 174 177 179 181 183 184 185 186 189 190 191 196 197 198 199 200 201 202 203 204 205 210 211 212 213 214 219 221 223 224 225 226 227 228 231 232 233 234 237 238 243 245 246 248 250 251 254 256 258 261 264 265 271 275 276 279 280 285 286 287 290 291 293 295 296 299 300 302 306 307 310 312 313 314 316 318 320 321 325 329 330 331 332 334 339 341 342 345 349 351 352 354 355 357 361 362 368 369 372 373 375 380 382 384 386 389 390 392 395 396 398 400 402 403 404 406 407 408 410 411 413 414 418 419 424 425 426 428 431 432 437 438 439 440 442 443 445 446 452 453 454 455 457 458 461 462 463 466 469 478 484 485 487 489 491 492 493 494 495 496 501 502 506 511 512 514 515 516 517 522 528 529 532 533 534 535 538 541 542 544 547 548 549 550 551 552 553 555 556 559 562 563 566 567 568 569 577 578 580 582 583 584 585 590 591 594 595 598 604 605 607 611 613 616 618 620 621 623 624 629 630 635 636 637 638 640 642 645 646 648 649 654 655 656 659 660 661 662 663 665 667 672 678 679 681 683 685 686 688 689 690 691 693 694 699 700 701 702 705 707 708 709 712 713 714 715 720 721 722 723 724 725 726 730 731 732 733 736 737 740 741 742 745 746 747 749 752 753 754 756 759 760 761 762 763 768 769 772 775 777 778 779 780 781 787 789 790 794 796 801 802 806 807 811 813 814 816 823 824 827 828 834 835 836 837 840 843 844 845 847 851 855 856 859 862 863 864 865 866 868 869 870 872 873 874 875 876 877 882 883 889 892 893 894 895 896 898 900 905 907 908 909 910 911 912 913 917 921 922 924 926 928 929 930 934 935 936 937 938 943 947 948 950 951 953 954 957 958 959 961 962 963 968 971 972 973 977 979 981 983 985 986 989 991 992 993 994 996 997
2 3 9 12 13 14 15 16 19 20 23 27 28 29 30 32 34 39 42 44 45 47 49 51 53 59 60 62 64 67 68 75 76 81 82 83 88 89 90 91 93 94 96 98 99 102 103 104 105 106 107 109 110 114 115 117 124 126 129 131 132 136 138 142 145 146 147 149 150 151 152 153 155 156 157 158 159 163 165 168 171 172 174 175 177 178 183 184 187 189 192 193 194 195 197 199 200 201 202 204 206 212 214 215 218 220 222 223 224 228 229 231 232 233 234 235 237 238 239 240 243 244 245 249 251 252 256 257 259 261 262 265 267 269 270 272 278 279 281 282 285 286 288 294 295 297 298 299 301 302 306 307 309 311 312 313 314 315 317 318 319 322 323 326 334 335 336 338 339 341 342 343 344 345 346 347 348 352 353 358 359 362 366 371 373 374 377 379 381 382 383 385 386 391 393 397 398 399 401 402 407 411 413 417 420 421 427 428 430 431 432 433 435 439 440 441 444 449 450 451 452 453 454 455 456 457 458 459 460 461 465 467 469 471 472 474 475 476 479 481 484 485 486 488 489 491 492 495 499 501 502 504 505 508 510 511 513 514 519 520 521 522 524 525 526 528 532 534 536 538 545 546 551 552 553 557 558 560 563 564 565 566 569 571 573 574 576 580 587 589 590 596 599 601 602 606 608 612 616 619 620 622 623 624 625 627 628 629 630 637 638 641 643 645 646 647 651 653 656 657 659 660 661 663 665 668 670 673 674 676 678 679 681 682 683 685 687 688 691 695 697 698 700 701 702 707 711 712 713 715 717 719 720 724 726 727 729 732 736 737 739 741 743 745 746 748 750 751 753 757 762 763 764 765 768 769 771 772 774 777 778 782 783 784 785 787 788 790 791 793 794 795 796 799 802 805 807 808 810 813 814 815 817 818 820 821 822 823 824 825 827 830 831 832 835 836 839 841 844 846 847 850 858 861 863 864 865 866 868 869 870 871 872 874 876 877 878 881 884 891 893 895 899 904 905 907 908 909 911 912 913 917 918 919 921 922 923 924 928 931 932 933 934 935 937 938 939 943 946 947 948 950 951 953 954 957 958 960 961 965 966 967 970 971 974 975 976 980 982 983 985 987 990 991 992 993 994 998 999 1000
4 7 8 11 12 15 16 17 18 20 21 24 28 30 31 34 37 38 39 40 42 44 45 46 48 50 55 56 59 63 64 66 67 69 71 72 74 76 79 80 81 83 84 88 90 94 98 99 100 101 103 104 106 110 111 112 116 121 122 123 124 125 126 127 128 129 131 138 139 147 150 151 152 153 154 158 160 161 164 166 167 170 171 172 177 179 181 184 185 188 192 193 195 196 197 199 201 202 205 206 210 211 212 217 224 228 230 233 235 238 240 244 245 247 249 254 255 257 258 261 262 263 264 265 266 270 273 274 276 280 281 282 283 284 288 289 290 292 293 294 296 297 298 300 301 306 307 308 309 313 315 318 320 322 323 324 325 326 327 329 330 331 332 333 334 337 338 340 341 342 343 345 346 347 349 351 354 357 360 361 362 366 369 370 375 377 378 379 380 382 383 384 385 386 391 392 395 396 397 399 400 401 402 406 407 408 409 412 416 417 418 419 420 421 425 427 428 432 433 441 443 444 445 447 448 450 451 452 454 457 458 464 467 468 469 471 472 473 475 477 479 480 481 482 483 484 485 486 487 488 489 490 494 496 499 501 504 506 509 511 514 515 516 518 519 522 525 526 528 529 535 537 539 540 541 543 544 545 548 549 551 554 555 556 557 558 559 560 561 563 571 572 574 575 576 577 579 580 581 584 588 590 592 594 595 596 599 600 602 605 607 608 609 611 613 617 619 620 626 627 628 629 633 637 640 641 643 646 649 650 651 654 655 656 660 661 663 665 666 667 669 670 671 676 678 679 687 688 689 691 692 695 699 702 703 704 706 707 711 712 713 715 717 719 720 723 724 725 726 728 729 730 731 734 736 740 744 746 747 749 751 753 754 758 759 760 761 762 766 767 771 773 776 777 778 779 780 782 785 788 790 792 796 798 799 803 805 806 808 809 810 811 814 817 818 819 823 824 825 826 829 832 833 834 835 837 839 842 844 845 847 848 849 851 853 856 857 861 863 864 867 868 870 876 878 881 883 884 887 893 894 895 896 897 898 900 901 904 905 906 909 910 911 912 915 917 921 922 924 929 930 931 936 939 940 942 944 948 952 954 955 957 958 959 961 968 970 971 977 979 980 981 983 985 986 989 993 994 996 997
7 9 11 15 16 17 22 23 28 29 30 31 32 34 35 36 37 39 42 44 50 51 54 55 58 59 62 63 64 66 67 68 69 71 72 75 76 78 80 84 85 88 89 93 96 99 103 104 107 108 115 117 118 119 121 124 127 131 133 134 137 138 141 145 147 148 152 153 156 158 160 164 166 167 169 170 174 177 178 179 182 185 186 187 189 190 191 193 199 200 204 205 208 209 210 211 212 213 216 219 221 223 224 226 230 234 235 237 239 241 245 246 247 250 252 253 254 257 258 259 263 264 266 267 269 273 276 277 280 281 282 283 284 285 288 289 291 294 297 299 302 305 307 309 311 313 314 317 321 322 324 328 331 333 335 336 340 341 342 343 344 345 346 348 350 352 354 356 358 360 362 364 365 367 368 373 377 380 381 382 383 386 389 391 392 393 394 395 396 398 400 402 403 404 410 411 413 414 415 417 418 419 421 425 426 428 429 430 431 432 434 437 438 439 440 441 442 445 446 447 451 452 456 458 463 465 466 470 473 475 477 481 482 484 489 490 493 494 495 497 499 501 503 505 507 508 509 510 511 513 516 518 519 520 522 528 529 534 535 536 537 538 539 543 545 546 547 550 552 554 555 558 560 562 563 564 569 570 571 572 573 575 577 579 581 582 588 592 593 595 599 601 603 605 606 607 610 611 612 613 616 619 620 623 625 626 627 628 629 630 631 634 637 640 641 647 649 650 651 653 654 657 658 670 673 674 675 677 678 679 680 681 684 685 686 690 696 699 702 703 706 708 709 710 711 712 713 714 715 716 717 718 723 724 725 727 728 729 731 736 737 739 740 746 747 748 752 753 754 756 758 760 761 762 763 765 766 767 769 773 774 776 779 781 784 786 788 789 791 792 793 794 795 796 797 798 799 800 802 803 810 814 818 819 820 821 823 824 827 828 829 830 831 833 835 836 837 842 843 844 845 846 848 849 850 853 854 857 859 860 862 865 868 869 870 875 877 879 881 882 885 887 888 889 891 894 898 899 901 902 903 904 905 908 910 912 916 918 919 926 929 932 935 939 941 942 943 945 947 948 949 950 951 954 956 959 960 965 966 967 968 969 970 971 973 974 976 978 979 980 981 982 983 985 989 993 994 995 996 997
1 2 3 6 7 9 13 16 19 21 26 28 29 30 32 34 36 38 40 42 44 46 49 50 52 53 54 57 60 64 66 67 68 69 72 73 74 75 77 79 83 84 85 87 90 92 93 94 95 97 101 103 104 106 107 108 113 114 115 119 120 121 127 131 133 134 135 136 137 138 140 141 142 143 145 146 147 148 149 150 151 152 153 156 157 158 161 162 163 164 168 169 170 174 180 182 185 186 190 192 195 196 197 198 200 201 202 204 206 208 209 213 214 217 219 224 228 229 231 232 233 234 235 237 239 240 242 243 244 246 247 251 253 254 257 258 260 261 262 264 266 267 269 270 272 274 277 278 279 281 282 285 289 290 291 296 299 300 301 305 306 307 309 310 313 314 318 321 322 323 324 326 332 334 335 336 337 340 341 342 343 345 349 350 352 353 354 356 364 366 367 369 373 375 376 380 382 383 384 385 388 389 394 395 400 404 405 409 410 411 413 415 416 417 418 423 427 432 434 437 440 441 442 444 446 447 448 449 450 452 457 458 461 463 466 468 470 471 472 473 474 475 476 478 479 484 485 486 487 488 491 492 495 496 497 498 499 500 501 504 508 509 510 511 516 518 521 523 524 526 527 531 532 534 535 537 538 539 540 543 544 547 548 549 551 552 554 555 556 557 559 560 561 563 564 565 567 568 569 570 574 575 576 580 582 584 585 586 596 599 600 601 602 603 604 607 608 610 611 612 618 619 620 621 623 626 627 630 632 634 637 640 642 646 652 653 654 656 659 660 661 670 675 676 677 678 679 681 682 683 685 687 690 692 697 700 702 703 707 712 713 716 720 723 730 731 733 735 736 739 740 742 744 749 750 752 759 760 761 763 766 767 768 769 772 774 776 777 781 782 783 784 785 788 789 791 792 793 795 796 797 798 801 806 809 810 812 813 817 819 820 821 822 826 828 829 831 838 839 840 846 847 849 852 855 856 861 862 864 866 869 872 873 875 876 878 879 883 884 888 889 891 892 893 894 895 896 897 898 899 901 902 903 906 907 908 909 911 913 916 917 918 924 925 928 930 933 938 941 942 943 944 948 949 953 956 957 958 959 961 962 963 964 967 968 969 970 971 972 981 982 983 985 986 987 988 991 993 995 999
HELP

Answer:
NO
NO
NO
YES
YES
NO
NO
YES
NO
NO
188 308 617


Test:
1000
6 11 13 14 15 21 23 25 26 27 28 32 33 34 36 41 42 43 44 46 48 49 53 54 56 57 59 60 62 65 68 75 78 79 83 86 92 95 96 97 100 101 102 103 104 105 106 108 110 111 112 113 114 115 117 118 124 130 133 136 137 138 141 142 144 145 149 150 151 152 154 155 158 159 160 162 164 165 166 170 172 173 176 177 180 181 183 186 189 192 194 195 197 199 201 202 204 207 209 211 213 215 216 218 219 222 223 229 230 232 235 238 240 242 243 246 247 250 251 253 255 256 261 262 263 264 270 271 272 273 274 278 279 280 283 284 285 286 287 289 293 294 295 296 297 299 300 302 303 304 305 308 309 311 312 314 317 322 327 329 331 333 335 336 337 338 339 340 341 346 350 351 353 354 355 360 361 365 366 368 369 372 376 378 379 380 381 383 384 387 391 396 397 399 400 402 403 405 412 413 414 416 420 422 426 427 428 432 438 440 441 442 444 449 451 454 455 457 458 460 461 463 465 467 468 470 471 473 474 475 480 484 485 490 491 493 495 497 498 499 501 502 504 505 507 511 512 516 517 518 521 522 525 526 527 528 530 534 535 536 539 540 542 543 546 549 553 554 555 556 560 561 562 563 565 566 568 569 570 574 575 576 577 580 581 582 585 586 587 588 593 594 597 598 600 601 605 606 608 613 614 615 616 617 619 622 625 627 629 631 633 634 635 637 638 639 641 642 643 647 648 650 653 654 655 658 659 660 661 662 665 671 672 674 676 677 678 680 682 683 685 689 691 698 700 701 702 703 704 710 711 714 715 719 720 724 726 728 729 731 733 735 736 737 738 739 740 742 747 749 750 751 753 755 756 762 764 765 766 768 769 770 772 773 774 779 780 782 787 790 792 796 797 798 802 803 805 806 807 809 810 815 816 818 820 821 822 823 824 825 826 827 830 832 834 836 838 840 841 842 843 844 847 849 853 854 855 859 860 861 862 864 868 870 872 873 875 876 878 879 880 881 885 887 888 891 894 896 898 900 901 902 903 904 905 909 915 916 917 918 920 922 928 929 932 933 936 938 941 942 943 946 948 951 952 953 954 955 956 957 958 959 960 962 963 969 970 971 973 974 975 978 984 985 988 990 991 997 998 999
1 2 4 5 6 7 9 14 19 20 23 25 28 30 31 32 33 34 36 39 40 41 42 43 44 45 46 47 49 51 52 54 55 56 57 58 59 60 61 62 68 69 71 75 76 77 79 80 82 84 85 87 90 92 93 94 95 96 97 101 102 103 104 106 107 109 111 112 113 116 117 122 123 127 129 130 132 134 135 136 138 141 142 144 147 151 152 153 157 159 160 162 165 166 167 168 169 170 171 173 176 178 179 181 186 189 190 193 194 195 197 198 207 209 211 214 218 220 222 223 224 226 230 231 232 234 235 238 239 240 242 244 247 248 250 253 255 257 267 268 269 275 276 277 279 282 284 286 288 293 295 296 297 299 300 302 305 306 307 308 311 312 314 316 319 321 322 325 329 331 333 335 336 338 340 342 345 346 350 357 358 360 361 362 364 366 367 369 370 371 372 373 375 377 378 380 381 382 383 385 393 394 395 396 399 402 403 404 409 410 414 415 416 418 421 422 424 425 428 430 431 432 434 435 437 438 439 441 442 444 445 446 447 449 450 451 452 453 455 457 459 460 461 462 463 465 467 471 472 473 475 476 478 484 485 487 491 493 494 496 497 498 502 506 507 508 509 514 516 518 526 529 530 531 532 535 536 541 545 548 550 552 555 556 557 558 559 560 561 563 566 568 570 571 575 577 578 580 581 583 588 590 591 592 594 595 603 604 609 614 622 625 626 627 629 631 633 634 635 637 638 639 641 643 644 647 648 649 651 652 655 658 659 660 663 664 665 666 668 669 672 673 674 675 676 677 680 682 684 686 687 688 690 692 696 701 703 704 709 712 714 716 718 722 728 747 748 749 752 754 755 756 762 763 764 766 767 771 772 773 776 777 779 780 782 783 784 786 788 791 792 794 796 797 798 801 805 807 808 809 810 811 815 817 818 819 821 822 827 829 833 835 837 841 842 846 849 853 854 857 858 863 866 867 868 869 870 871 873 875 877 881 882 884 885 887 889 892 894 897 899 902 904 905 906 908 909 910 911 912 914 915 920 921 922 923 925 926 928 929 930 931 934 935 939 940 942 944 946 947 949 950 953 956 957 959 961 965 967 969 970 973 977 978 979 981 982 983 984 987 988 989 991 993 994 995 996 997 998 999
2 3 4 6 7 8 10 12 15 19 26 28 29 35 36 37 39 42 43 44 46 49 51 52 53 54 55 56 57 59 60 62 63 64 65 66 68 69 71 73 75 77 81 83 84 87 88 89 92 93 94 96 101 104 108 110 111 112 113 115 116 119 120 126 128 129 130 131 133 139 141 142 144 146 147 149 153 156 160 162 163 166 168 169 170 171 174 176 178 179 180 183 185 187 188 192 193 195 196 199 201 202 203 206 207 209 212 216 220 221 222 223 224 225 227 230 231 236 238 239 242 243 245 247 248 249 257 260 264 265 266 270 274 276 277 278 280 281 284 286 287 289 290 294 295 296 297 300 301 303 304 306 307 308 311 313 314 317 322 323 324 329 330 334 335 339 346 347 348 349 352 353 355 357 358 359 361 363 364 366 367 369 370 373 375 376 379 380 384 386 398 400 401 402 403 404 408 411 415 416 417 418 421 422 424 425 432 434 435 440 441 443 444 446 449 451 454 455 456 464 465 466 468 469 470 474 475 476 480 482 486 487 489 491 493 494 495 496 497 499 502 503 504 507 510 512 513 514 516 517 518 519 520 521 524 525 528 529 530 534 535 536 537 538 540 541 543 544 545 546 547 548 553 554 560 562 563 564 566 571 572 575 576 577 579 580 583 586 587 588 590 591 593 594 602 606 608 609 613 615 618 619 620 622 623 624 625 626 627 628 629 630 632 633 634 635 637 639 640 642 644 645 647 649 650 654 655 657 658 661 666 671 674 676 677 679 680 685 686 687 688 690 691 694 695 696 698 700 702 704 705 706 707 711 715 717 720 721 725 728 729 730 731 732 737 738 739 740 746 750 751 752 753 754 756 757 758 760 762 765 766 767 768 769 770 772 775 776 777 782 787 788 791 796 797 800 802 803 804 805 806 807 808 811 813 814 817 820 822 824 826 832 833 835 838 839 841 842 844 845 846 847 850 852 853 854 857 859 860 861 863 865 866 868 872 873 874 875 877 878 880 882 884 887 889 890 892 895 897 900 904 905 906 908 910 912 913 914 915 918 921 922 925 926 927 928 929 931 933 937 938 939 940 941 942 944 947 949 950 951 955 956 959 962 965 967 968 974 976 979 980 981 983 985 986 988 989 990 991 1000
1 6 8 9 12 14 17 18 19 20 22 24 25 27 28 30 33 35 36 44 46 47 49 51 52 55 56 58 59 62 63 64 67 69 70 72 73 75 76 82 83 84 88 89 90 91 92 93 95 99 100 101 104 107 108 109 110 111 115 116 117 120 121 123 124 127 128 129 130 131 132 135 136 139 141 142 144 146 150 151 152 153 154 157 160 165 168 169 170 176 177 180 181 187 188 189 191 192 193 194 195 196 199 201 202 206 210 213 215 216 217 222 223 225 226 229 231 233 237 238 240 241 242 244 245 247 248 250 251 252 258 260 261 263 267 268 269 270 271 273 274 275 277 278 280 281 282 286 287 288 293 295 296 297 299 300 301 303 306 309 310 311 312 316 317 319 320 323 325 326 327 328 329 330 332 333 335 336 337 340 343 344 345 346 349 350 352 353 354 359 361 364 366 367 368 369 374 375 378 383 386 387 390 396 398 399 400 401 413 417 419 420 421 424 426 430 432 436 437 439 440 442 444 446 448 455 457 458 459 460 461 462 465 466 468 469 470 472 473 474 475 479 482 483 488 489 493 495 497 499 502 503 504 505 506 508 512 513 514 517 518 519 520 521 523 525 526 527 528 532 536 537 539 540 543 544 552 553 558 559 561 565 568 570 571 574 575 576 577 580 582 583 584 588 592 593 594 595 596 597 599 601 602 603 606 607 612 613 616 618 623 624 625 626 627 629 632 634 635 640 641 642 644 645 646 647 649 650 652 653 655 656 657 660 661 663 665 667 669 671 673 677 678 679 682 683 685 686 687 688 689 691 692 693 694 695 697 698 699 700 702 704 705 708 709 711 712 717 719 720 723 724 726 729 730 731 732 733 739 743 747 749 750 751 753 756 758 759 760 761 766 768 770 772 773 774 775 777 779 781 782 783 785 786 792 794 797 799 801 804 806 808 811 812 813 814 817 819 820 821 822 823 827 835 839 840 841 846 848 850 852 853 855 857 859 861 863 866 870 871 874 875 877 878 880 883 892 894 897 898 899 900 905 908 909 910 911 920 921 927 929 930 931 932 936 937 941 943 944 945 947 949 951 953 954 959 960 961 963 965 966 967 969 972 974 979 980 981 982 983 984 986 987 989 992 993 994 996 997 998
1 2 3 5 8 13 15 19 20 21 23 26 27 28 29 31 32 33 34 36 39 40 42 43 44 51 52 53 55 56 57 58 63 65 69 70 75 76 79 80 83 84 85 87 88 90 91 92 98 99 100 103 104 107 109 110 112 113 114 115 118 120 124 127 128 129 132 134 137 139 140 142 143 144 145 147 148 151 152 153 155 156 157 158 161 166 169 173 175 176 177 182 183 188 193 196 199 201 205 206 209 211 213 219 221 222 225 227 228 230 231 238 239 241 244 247 248 249 250 252 254 255 257 260 261 263 264 265 266 268 269 274 275 276 278 283 285 287 288 291 292 293 295 296 297 298 305 307 309 311 312 313 314 315 318 320 321 326 330 332 335 339 340 341 342 345 349 350 352 357 358 363 367 369 370 372 374 377 378 379 381 382 383 384 385 386 387 388 393 394 395 397 398 401 402 403 407 408 410 414 415 417 419 420 422 425 427 428 429 430 431 435 437 441 442 443 446 447 448 451 452 455 457 458 459 460 461 463 464 465 467 468 469 471 474 477 478 480 485 487 488 489 491 492 500 501 502 504 506 509 513 514 517 518 519 520 524 525 526 527 532 534 535 538 539 540 541 544 545 546 550 552 553 554 555 557 558 559 562 565 566 568 569 570 572 574 577 578 579 581 582 583 584 586 589 592 594 598 599 602 605 606 608 609 611 615 617 618 621 622 623 625 628 629 631 634 637 640 641 642 645 646 647 648 654 655 657 658 659 663 669 671 672 674 679 680 681 682 683 686 689 690 692 693 695 700 703 704 707 708 710 713 716 717 722 723 727 729 730 731 734 736 739 740 742 744 745 750 752 753 755 756 757 758 760 762 765 768 771 772 773 774 777 778 779 780 781 785 786 788 789 792 793 794 797 798 799 802 806 808 809 810 811 812 815 816 817 819 820 821 823 827 828 829 832 835 836 837 838 839 841 842 844 847 849 851 852 854 855 856 861 864 866 868 871 872 874 875 877 878 879 880 882 886 887 889 895 896 897 898 899 903 904 906 908 909 911 912 915 918 919 920 921 924 925 926 927 929 935 936 941 943 944 945 946 947 948 950 951 953 954 956 959 960 962 967 976 977 978 980 981 983 986 987 991 992 993 995 997 998
2 5 9 15 16 19 21 24 25 27 28 29 30 31 32 33 40 44 47 50 55 56 58 62 65 69 70 73 75 76 77 79 82 85 88 89 90 92 94 95 97 98 99 100 102 104 106 109 110 112 115 117 118 121 122 124 125 127 128 131 136 138 139 140 141 142 144 148 149 155 159 160 161 163 164 167 168 171 173 175 178 179 180 181 184 185 186 187 188 189 190 191 193 194 197 199 200 203 204 206 207 210 212 213 214 218 219 222 225 226 230 231 233 236 237 242 244 245 248 251 252 253 256 257 259 260 261 262 263 264 268 269 270 271 272 273 274 280 281 282 283 285 288 289 290 293 294 295 296 297 299 306 307 308 309 312 314 315 317 318 319 321 322 325 326 327 329 331 332 336 339 340 343 346 348 349 350 351 352 354 355 357 358 359 363 366 367 368 370 373 374 376 378 379 381 382 391 392 395 396 397 398 400 401 402 403 405 407 408 409 414 416 418 419 421 422 423 424 426 427 428 429 433 435 438 440 441 443 444 446 447 448 452 453 454 456 459 461 463 464 466 467 469 470 473 474 476 485 491 492 493 494 498 502 503 504 505 508 509 510 515 516 517 518 520 522 525 527 529 531 532 533 534 535 536 537 540 541 544 545 547 549 552 553 554 555 556 557 558 559 560 562 564 566 567 568 574 576 577 578 579 580 584 585 587 588 589 591 594 597 598 599 601 602 603 604 606 608 609 611 612 613 614 615 617 619 620 622 624 626 627 628 629 630 631 637 640 644 645 648 650 652 653 658 659 663 664 665 668 675 676 677 678 679 682 684 685 690 692 693 694 696 698 699 700 701 704 709 710 711 715 718 719 724 728 731 732 734 736 737 738 739 740 741 742 746 747 748 749 753 755 757 758 759 760 762 763 764 766 768 769 770 771 772 773 774 777 779 780 781 782 783 784 785 786 788 791 792 793 794 796 797 798 800 801 802 803 806 808 812 817 820 822 824 826 828 832 834 835 837 839 841 842 846 848 850 854 860 865 866 869 871 878 882 883 887 889 891 892 899 900 903 904 907 910 915 919 920 921 924 929 931 932 935 940 941 945 946 948 951 956 959 965 970 972 973 976 979 980 981 982 983 984 987 991 993 994 996 997 998
2 3 7 9 11 12 13 14 18 20 23 24 25 28 30 31 32 35 37 38 40 42 48 49 50 51 52 53 55 56 58 59 62 67 68 71 72 75 76 83 84 88 89 94 97 98 99 100 101 103 105 106 110 111 112 113 115 116 117 118 119 122 124 126 128 130 133 134 136 141 143 145 146 148 150 153 155 156 157 158 159 163 164 165 167 168 170 178 183 185 188 189 190 192 194 195 196 197 199 200 203 204 205 207 209 211 212 216 217 222 223 225 226 227 228 229 231 232 233 235 238 239 242 244 246 248 249 250 252 254 255 257 259 261 265 272 273 277 278 282 288 290 291 292 294 295 297 298 299 302 303 304 307 309 310 312 313 316 318 319 320 321 324 327 328 329 331 332 333 334 335 337 338 340 341 343 344 347 348 349 350 352 353 354 355 356 358 360 362 365 369 373 378 379 381 382 385 386 389 390 393 394 396 400 401 403 406 409 411 412 414 415 418 421 424 425 427 429 430 434 435 439 441 443 446 452 455 456 458 460 462 465 467 469 470 472 476 478 480 481 483 486 487 488 489 490 492 493 494 495 497 499 500 507 508 509 512 514 515 520 522 523 526 529 531 533 534 537 538 540 541 546 547 549 550 551 552 553 554 555 557 560 566 567 570 571 574 577 580 581 583 586 587 589 590 596 598 600 603 604 606 608 609 610 612 615 616 618 620 621 624 627 629 633 636 637 638 640 641 642 644 645 646 648 649 650 655 657 658 659 663 666 667 669 670 672 673 675 676 677 679 680 683 684 685 691 692 693 694 695 698 699 700 702 705 706 707 709 711 717 718 719 721 725 726 729 730 731 732 733 735 736 738 739 745 749 750 751 754 758 760 761 762 763 764 766 768 774 780 783 784 786 789 791 792 796 797 798 800 802 803 805 806 809 810 811 813 815 816 818 819 820 824 828 829 830 832 833 834 837 842 844 845 846 848 850 851 852 853 854 855 856 862 864 865 867 868 869 871 873 874 875 877 878 879 881 883 884 885 886 887 888 890 891 892 896 898 899 903 904 906 909 912 915 923 927 930 931 935 937 938 940 941 943 946 950 952 954 955 956 958 960 962 964 967 968 972 974 975 978 979 980 981 985 988 989 992 997 998 1000
1 3 4 5 9 10 11 12 13 16 17 18 19 20 23 24 26 28 30 32 34 37 39 44 46 47 48 49 50 51 54 55 56 61 63 64 65 66 67 69 72 73 74 79 86 87 88 89 91 93 94 96 97 102 103 106 107 111 114 115 116 118 119 120 123 124 125 127 129 131 132 133 136 137 138 139 140 141 142 143 146 152 154 155 156 157 158 159 160 161 162 163 164 165 166 167 168 171 172 173 175 176 177 178 179 181 184 188 189 190 193 195 200 202 204 206 210 211 216 220 222 224 225 232 240 242 243 245 247 249 251 253 258 259 260 264 265 269 271 272 273 275 278 279 284 285 287 289 291 292 293 294 296 298 301 302 305 308 309 312 313 314 315 317 318 319 320 321 323 324 326 327 328 329 330 332 333 336 340 341 342 343 347 350 351 354 358 359 360 361 364 365 369 370 371 372 373 375 376 377 378 380 381 383 384 385 387 391 392 393 395 396 398 400 401 402 403 404 405 412 413 415 417 419 420 426 427 429 436 438 439 441 443 446 448 450 453 454 455 456 459 460 463 464 466 468 470 471 473 475 477 478 480 484 485 487 488 492 495 496 497 499 500 501 502 503 505 509 510 511 512 513 515 519 520 521 522 529 530 531 533 534 535 540 543 545 547 548 549 550 553 554 555 559 560 564 565 569 570 571 572 573 574 577 578 581 585 588 589 590 591 593 596 597 600 601 602 604 605 606 607 609 613 615 618 619 620 621 622 626 628 629 631 634 637 640 642 644 645 649 650 652 654 656 660 661 662 664 665 666 670 671 673 677 678 679 681 682 686 688 691 695 696 697 698 700 701 702 709 710 713 714 715 718 719 721 723 727 733 735 737 738 739 740 741 743 745 747 749 753 754 757 758 761 763 764 766 767 768 769 771 782 783 785 786 789 790 791 792 794 795 796 801 802 803 806 810 812 815 816 817 818 822 829 832 834 836 837 839 842 845 846 847 849 850 851 852 853 855 857 859 862 863 864 866 870 873 874 875 876 879 881 882 888 889 891 895 896 897 898 900 901 904 907 908 911 912 913 915 922 924 927 930 932 936 944 945 946 947 953 955 957 960 962 963 967 973 977 981 985 986 987 989 991 993 994 995 996 998 999
1 2 3 9 13 15 17 18 20 21 22 24 30 36 37 38 39 43 47 48 52 53 57 58 59 60 61 63 67 69 72 73 74 77 79 81 84 86 87 88 89 91 93 94 95 96 102 103 104 106 109 110 111 113 115 117 119 123 125 126 127 129 131 136 140 141 143 144 146 147 149 156 158 159 160 161 164 165 168 169 170 174 175 176 177 179 182 183 184 186 188 193 194 196 197 198 199 200 201 203 204 209 210 211 212 214 215 217 219 221 222 223 225 226 227 228 230 231 233 237 239 240 245 247 249 252 253 254 256 259 261 262 263 266 269 270 274 276 281 282 284 288 289 291 293 294 296 297 298 300 302 304 306 307 308 310 312 316 317 319 321 326 327 328 329 331 332 333 334 335 336 337 338 340 343 347 348 349 350 355 356 357 359 361 365 366 367 372 373 374 376 381 382 384 386 387 388 389 390 391 393 394 399 400 401 402 403 404 405 406 407 408 409 412 415 417 418 421 423 427 428 435 436 437 438 441 444 445 446 447 449 450 452 462 464 466 469 470 475 476 477 480 481 482 485 487 488 497 499 500 502 503 504 505 510 511 512 515 516 519 521 522 524 526 527 531 532 533 535 536 539 540 544 545 546 548 550 551 552 553 558 559 560 562 564 565 566 567 568 569 570 571 572 573 577 578 580 582 583 584 587 588 592 593 595 596 597 598 603 606 610 611 612 613 615 616 617 619 620 621 622 624 625 629 631 632 634 635 637 638 639 645 646 649 651 653 655 656 661 664 665 666 669 672 673 675 676 679 681 682 683 685 690 693 698 703 704 705 707 710 711 712 714 717 718 719 721 722 724 726 728 729 733 736 738 741 743 744 745 748 752 754 757 758 765 768 769 770 771 773 775 778 781 782 783 785 787 790 791 794 795 797 798 799 800 801 802 807 809 815 816 818 819 822 827 829 831 832 834 839 841 842 844 850 852 854 855 856 857 860 862 863 864 867 869 871 874 876 879 882 883 884 887 888 890 891 894 895 897 900 905 909 912 913 918 919 921 922 923 924 926 927 929 930 932 934 935 943 944 945 948 949 950 951 955 957 958 961 962 964 965 966 967 968 971 972 975 977 978 979 980 981 983 984 985 987 994 997 999 1000
3 4 7 8 9 13 16 18 20 22 25 28 30 32 33 36 38 39 40 41 42 43 44 46 49 51 53 55 57 60 65 66 67 69 72 74 75 78 80 81 83 86 89 91 92 93 100 101 102 103 106 108 110 112 117 120 121 124 125 126 127 128 132 135 136 138 139 143 147 148 149 150 151 154 157 158 160 161 163 165 166 178 179 183 186 190 191 192 196 197 198 199 200 204 205 206 207 208 218 219 220 221 222 223 224 230 231 233 235 238 239 242 244 245 247 248 251 253 258 259 261 263 266 267 274 275 279 282 283 286 287 289 290 291 292 293 295 300 301 303 305 306 308 309 315 316 317 319 320 322 323 324 325 326 327 330 332 333 334 335 337 338 340 342 344 346 347 348 351 352 353 354 355 356 357 360 362 363 367 370 372 373 375 376 378 380 381 383 384 385 387 388 389 390 391 392 395 397 399 400 401 402 403 404 409 410 411 413 414 415 416 418 419 420 426 430 432 433 436 438 439 441 444 446 454 455 457 459 460 464 466 468 470 471 473 479 480 482 484 486 487 488 492 493 495 497 499 500 502 503 504 505 509 511 512 514 515 516 519 520 521 523 524 525 526 527 529 530 531 532 534 535 536 539 542 546 550 553 554 555 556 559 560 562 564 565 567 570 572 575 580 584 585 587 588 590 592 594 598 599 600 602 606 608 609 610 612 614 617 618 619 620 624 625 627 632 636 640 644 645 646 647 648 651 653 656 657 661 663 666 669 670 673 674 675 678 680 681 683 684 685 687 689 690 691 694 696 697 700 701 702 703 705 706 707 708 710 711 712 715 716 717 718 719 722 723 726 728 729 732 735 737 738 739 740 741 742 743 744 745 748 749 751 752 756 757 759 762 763 770 771 776 779 784 785 786 787 791 793 794 796 797 798 800 801 804 807 810 812 813 816 817 818 820 821 824 826 829 832 834 835 838 839 840 841 844 846 847 849 850 851 854 855 856 857 858 859 863 866 868 873 875 876 877 878 879 886 887 888 890 891 892 894 895 897 903 906 907 913 914 916 917 918 920 922 924 925 927 932 937 939 940 941 943 945 951 952 954 955 959 960 961 962 963 964 966 970 976 978 980 981 984 985 986 987 990 992 994 996 997
1 2 6 7 8 9 10 11 13 15 16 17 23 24 25 27 28 29 30 31 33 35 36 37 38 41 43 46 49 50 51 53 54 56 61 63 67 70 72 73 75 80 84 85 90 101 102 103 106 108 109 111 115 116 117 124 125 126 127 129 130 131 132 133 134 136 138 139 140 141 143 144 146 147 150 151 153 154 155 156 157 158 159 160 164 165 167 168 169 170 175 177 180 181 183 184 186 187 188 189 191 197 198 199 200 201 202 203 206 209 211 214 217 218 219 221 222 223 224 225 227 230 231 232 233 234 235 236 237 238 239 240 242 243 244 245 248 249 250 254 256 265 266 268 269 273 275 276 280 284 286 288 289 290 291 293 295 302 303 304 311 312 313 318 320 321 325 326 328 329 336 337 343 344 346 347 349 351 352 353 358 360 361 363 367 368 369 371 373 375 376 378 379 382 384 390 391 392 393 395 398 402 404 405 407 414 415 421 422 423 424 425 431 432 435 436 437 439 440 441 444 445 446 450 451 454 455 456 457 460 463 466 468 469 470 471 472 475 476 477 479 480 484 485 486 488 491 492 494 501 504 506 507 508 510 513 516 517 518 520 521 524 526 527 532 536 538 539 542 545 546 548 550 552 553 554 555 558 559 562 563 564 565 571 572 576 578 579 583 585 586 589 591 595 596 597 598 599 600 601 602 603 608 610 611 612 615 616 618 619 620 623 624 629 631 632 633 636 639 640 642 647 648 650 652 653 655 656 657 658 660 661 662 663 666 670 673 674 675 676 678 680 682 686 688 689 691 692 703 706 707 710 711 712 713 714 715 722 723 724 725 736 737 740 741 743 744 745 746 747 749 750 751 752 756 758 760 764 765 766 767 768 770 771 772 773 775 778 779 780 783 784 786 790 791 792 793 794 795 796 797 801 803 804 805 806 808 809 815 816 817 819 823 826 830 832 835 836 839 840 841 842 845 847 848 849 852 854 855 857 859 860 861 862 863 864 866 867 868 870 871 873 881 883 885 886 887 888 892 894 895 896 897 898 899 900 907 909 910 911 912 914 915 918 919 922 924 925 926 927 929 931 932 933 934 937 941 945 947 948 951 952 953 954 956 960 964 965 967 971 973 976 977 978 979 983 985 991 992 996
HELP

Answer:
NO
NO
NO
NO
YES
NO
YES
YES
YES
YES
YES
143 291 745

