Name:
Угадай число

Statement:
<p>Август и Беатриса играют в игру. Август загадал натуральное число от 1 до n. Беатриса пытается
угадать это число, для этого она называет некоторые множества натуральных чисел. Август отвечает
Беатрисе <code>YES</code>, если среди названных ей чисел есть задуманное или <code>NO</code>
в противном случае. После нескольких заданныъх вопросов Беатриса запуталась в том, какие вопросы
она задавала и какие ответы получила и просит вас помочь ей определить, какие числа мог задумать Август.</p>

Test:
10
1 2 3 4 5
YES
2 4 6 8 10
NO
HELP

Answer:
1 3 5


Test:
10
1 2 3 4 5 6 7 8 9 10
YES
1
NO
2
NO
3
NO
4
NO
6
NO
7
NO
8
NO
9
NO
10
NO
HELP

Answer:
5


Test:
100
3 5 8 10 11 13 14 15 16 20 21 23 25 27 29 31 32 33 35 42 43 46 47 48 51 52 57 58 67 68 72 74 75 76 79 80 81 82 83 84 86 89 90 91 92 93 94 95 96 99
YES
1 4 7 9 14 16 17 19 20 23 25 27 28 29 30 31 32 33 41 42 45 46 48 50 52 54 59 60 61 63 66 67 68 69 70 71 73 74 79 81 82 83 89 90 91 92 93 94 95 100
YES
3 5 6 15 16 18 19 20 21 22 23 24 26 28 29 35 37 38 39 40 41 43 44 45 46 47 53 55 56 60 61 63 64 65 68 70 71 73 76 79 80 81 82 83 86 90 91 95 96 99
YES
1 2 3 5 11 16 17 23 25 31 32 33 34 35 38 39 41 43 44 46 47 49 51 53 58 59 62 63 68 69 70 72 73 74 76 77 78 79 80 81 82 83 85 86 93 94 95 97 99 100
YES
3 7 8 9 10 14 17 20 22 23 24 25 26 27 28 30 34 40 42 43 45 47 48 49 50 51 52 53 54 55 59 62 63 66 67 72 73 75 77 81 83 84 86 89 92 93 94 96 98 100
YES
HELP

Answer:
23 81 83


Test:
1000
2 10 15 16 17 18 19 21 23 24 26 28 31 33 34 36 40 42 44 45 51 52 53 54 56 66 67 69 71 75 76 80 83 86 88 90 94 99 101 102 103 105 108 110 111 115 116 118 122 124 135 136 137 140 145 147 149 150 151 157 159 160 163 164 167 168 171 172 173 176 178 179 187 190 192 195 196 197 202 203 207 209 212 216 218 220 221 222 224 225 227 228 234 235 238 244 250 252 254 255 258 260 262 265 266 267 268 271 272 273 274 275 279 282 284 288 289 290 292 293 294 295 298 299 304 306 307 310 311 312 313 317 318 319 321 322 323 325 326 328 330 331 332 333 334 335 337 341 342 343 346 353 356 360 362 363 365 366 367 368 369 370 371 373 375 377 378 379 384 385 386 387 389 390 394 395 396 397 399 400 402 404 407 409 411 412 414 415 418 419 420 422 423 429 435 436 438 439 440 441 442 445 446 447 448 450 451 454 456 458 459 460 462 463 465 468 469 470 471 474 476 477 478 479 480 482 483 485 486 488 489 492 493 494 495 500 501 502 505 506 507 508 513 515 516 518 519 520 522 524 525 526 528 531 532 533 534 535 537 541 542 545 548 552 555 556 559 560 562 563 566 567 568 569 570 571 572 573 574 576 577 578 581 584 586 588 591 593 595 599 602 603 605 607 608 609 610 611 612 616 618 620 621 626 628 631 632 635 639 640 641 642 643 648 652 653 654 657 660 661 662 663 664 665 666 667 669 670 672 678 680 684 685 686 689 691 692 696 697 698 699 701 702 706 709 710 712 713 714 722 723 724 725 726 728 729 731 735 739 741 742 743 745 746 749 750 751 752 755 757 758 759 761 762 763 765 766 767 771 773 777 779 781 785 786 791 792 793 794 796 797 800 801 803 805 807 808 809 811 813 818 819 821 822 826 828 829 832 835 836 844 845 846 847 848 856 857 860 861 862 864 867 868 871 874 875 876 878 879 881 882 883 884 888 889 890 893 894 895 896 897 900 901 903 905 907 912 913 915 916 918 919 920 923 925 927 929 931 932 933 934 935 936 937 938 940 941 942 943 945 947 948 951 954 955 959 960 962 964 966 968 969 970 972 973 976 977 978 979 982 983 984 986 987 988 989 991 994 998 999
YES
1 2 10 11 13 14 15 17 18 19 21 28 31 32 41 43 44 45 50 51 54 55 57 58 61 62 67 68 69 71 72 73 76 77 78 81 82 83 85 87 90 93 94 95 96 98 101 108 110 113 114 115 119 120 121 122 123 124 127 130 131 132 134 135 136 137 138 139 140 141 142 144 147 148 149 150 151 154 155 156 158 159 160 161 162 163 164 165 166 167 168 170 172 176 177 178 179 181 182 183 184 189 190 193 196 197 199 200 203 206 209 210 214 215 217 218 220 221 225 230 231 232 233 235 239 240 241 245 248 251 253 254 258 259 260 261 263 267 268 269 271 272 275 276 277 282 286 287 288 289 290 291 294 295 299 301 306 308 310 317 321 322 325 326 327 336 338 339 340 344 345 346 347 349 351 353 354 355 356 358 359 360 361 363 366 368 369 371 374 375 379 380 381 383 385 386 387 389 390 392 395 400 401 410 411 414 415 416 417 418 421 423 425 426 427 434 442 445 446 448 449 454 455 457 459 460 461 462 466 467 468 471 475 476 477 478 480 481 482 483 484 485 486 487 491 492 495 497 499 503 504 506 507 509 513 515 516 517 519 521 522 524 525 526 527 528 530 531 532 533 534 535 536 540 541 542 543 545 546 548 550 552 553 555 558 563 565 566 568 569 572 573 575 576 577 578 579 580 581 582 583 584 585 589 591 592 593 595 597 598 601 602 604 605 606 608 609 615 617 625 627 628 629 632 633 636 638 641 642 644 645 647 648 655 656 657 659 660 661 663 664 665 666 667 671 673 676 677 678 679 684 685 689 690 693 696 697 698 700 701 702 706 708 709 711 712 717 721 722 724 726 727 730 731 732 734 737 738 739 740 741 747 748 750 751 755 756 758 761 762 763 765 767 768 769 770 772 776 777 779 780 789 791 796 797 798 800 806 809 812 818 821 822 823 825 826 827 828 829 830 833 835 836 838 841 842 845 846 849 852 854 855 858 859 861 862 867 868 870 871 872 878 882 883 887 889 890 891 892 893 894 895 896 899 900 903 907 908 910 914 915 922 923 926 927 928 929 930 931 932 934 937 939 941 943 944 948 949 953 954 955 957 960 961 962 964 966 967 973 975 977 979 980 981 983 987 988 994 996 1000
NO
4 6 7 8 10 11 13 15 16 17 18 19 21 22 28 29 30 36 38 40 41 43 45 47 53 54 60 63 64 70 71 73 76 77 82 90 91 92 93 95 96 100 101 102 105 106 108 110 112 114 115 116 117 119 123 124 125 127 128 130 132 133 140 141 142 144 145 148 150 151 152 154 155 158 161 162 163 170 172 175 176 178 179 181 184 185 188 190 191 194 196 197 198 200 201 202 203 204 205 206 213 214 216 217 218 219 220 225 228 229 232 234 237 238 239 240 241 244 247 248 250 252 254 255 257 261 262 263 264 265 266 268 269 275 277 279 281 284 289 293 294 295 300 301 302 303 304 309 310 311 314 317 321 324 327 328 329 330 331 335 336 339 342 345 346 347 350 351 355 356 357 359 362 363 364 367 369 370 371 372 377 380 382 383 386 387 389 392 393 395 400 401 402 403 404 405 407 408 410 412 413 415 416 418 423 424 429 432 433 434 436 440 442 443 444 445 447 449 452 453 455 456 457 459 460 461 467 468 474 476 478 479 480 481 486 488 491 493 496 497 498 499 503 504 506 507 509 511 512 513 520 524 525 526 531 532 533 537 538 539 540 541 544 546 547 549 553 555 556 557 558 563 569 571 574 582 583 584 586 587 588 589 591 592 594 595 596 598 600 601 605 606 615 617 622 626 629 630 633 635 636 637 639 640 641 643 644 645 648 649 650 651 655 656 659 660 661 662 663 665 666 670 671 672 679 680 681 682 683 684 686 688 689 691 692 694 695 696 700 702 703 704 705 706 708 709 710 711 715 717 719 720 724 727 728 729 730 732 737 739 741 743 744 746 748 749 750 751 753 754 756 757 758 760 761 762 764 766 767 769 771 775 776 778 779 780 781 784 785 786 788 792 795 796 797 800 803 805 806 812 813 814 816 817 819 820 821 822 825 826 828 829 830 833 834 835 837 838 839 842 846 847 848 852 854 856 858 860 861 862 863 864 867 870 871 873 874 876 877 878 879 885 891 892 895 897 901 903 906 907 908 909 914 915 916 921 923 924 925 926 927 929 930 931 933 935 936 939 940 941 946 947 948 949 950 953 954 956 957 962 965 966 967 968 973 976 977 979 981 983 985 986 987 989 990 992 993 994 995 996
NO
1 2 4 6 9 11 13 17 23 24 25 27 29 30 34 35 39 40 45 48 49 50 52 53 54 55 56 57 59 67 68 69 70 71 72 73 74 76 77 79 80 81 82 84 86 88 90 91 92 94 95 96 98 99 101 103 104 105 106 110 111 112 115 116 117 118 119 120 121 122 123 125 126 127 130 132 136 137 138 145 147 148 152 153 154 156 158 160 161 162 164 168 169 171 173 180 181 184 185 186 188 189 194 195 196 197 198 200 202 203 204 205 207 208 209 210 212 213 214 215 217 221 222 223 224 232 233 234 235 236 239 241 246 251 256 257 258 260 263 267 271 272 273 274 275 277 278 280 286 288 289 290 292 297 298 300 302 303 305 306 310 311 315 317 318 323 324 325 326 330 331 333 334 338 339 340 344 346 347 354 356 357 358 359 361 363 364 370 371 373 374 375 380 382 386 388 389 392 393 396 398 399 401 402 404 408 410 412 416 417 420 423 424 425 427 428 430 431 434 436 440 442 445 449 451 452 453 454 457 463 468 469 471 472 473 475 476 477 479 481 488 489 491 492 493 496 497 499 500 501 502 504 506 508 509 514 515 516 517 520 521 523 527 528 529 530 533 534 536 537 538 540 546 547 550 551 555 556 559 561 564 566 567 568 572 574 577 579 582 583 584 586 587 589 590 592 594 597 598 600 601 604 605 606 607 608 610 611 614 618 619 621 624 637 638 641 642 643 644 645 646 647 649 650 654 658 662 663 665 669 672 673 674 675 676 677 678 683 687 689 690 695 698 699 700 701 704 708 710 714 717 720 722 725 726 727 728 732 733 735 736 737 738 739 740 741 742 743 744 745 746 747 748 751 756 757 759 763 764 766 768 776 777 778 779 781 782 784 787 791 792 794 796 797 799 800 805 807 810 813 814 815 817 818 820 824 825 828 829 831 832 834 835 836 837 838 839 840 841 845 846 848 849 851 852 854 855 857 861 864 866 868 870 871 872 874 876 879 880 882 884 887 890 891 898 902 904 907 908 910 911 913 914 915 916 917 919 921 923 924 930 932 934 937 940 943 944 945 946 947 949 950 956 957 958 959 960 961 962 963 964 966 970 971 972 974 975 977 978 980 981 983 986 987 989 990 992 993 996 997
YES
1 2 4 5 6 7 8 11 13 15 17 20 21 22 25 26 28 29 33 37 39 40 42 44 45 46 48 49 50 57 58 60 63 66 71 73 74 76 78 81 82 83 84 85 87 88 89 90 91 92 95 96 98 100 102 103 104 106 107 109 111 112 114 116 119 120 121 122 123 124 128 129 130 132 133 137 140 145 146 148 149 150 151 152 154 156 160 161 162 163 165 169 171 172 173 177 178 180 184 187 188 191 192 193 195 196 199 202 204 206 207 208 213 217 220 221 222 225 227 231 232 234 235 239 240 243 244 245 249 250 251 252 253 257 261 262 263 266 268 270 271 272 278 282 284 285 287 290 291 292 293 295 296 297 299 300 303 304 308 309 311 312 314 316 317 319 320 321 324 326 327 329 330 333 335 336 339 340 342 344 346 348 350 353 356 357 358 360 362 363 369 373 374 376 377 378 379 381 385 388 389 391 392 393 394 397 398 400 401 404 405 406 409 410 411 412 413 415 417 418 420 421 422 423 424 425 426 430 431 434 436 441 442 443 445 448 451 452 453 454 455 456 457 460 461 462 463 468 470 472 474 477 479 480 481 483 486 488 489 490 491 493 497 500 503 504 507 510 512 515 519 521 523 526 527 532 537 541 542 543 545 546 551 552 553 554 556 565 566 568 569 571 572 573 574 575 576 578 579 581 582 586 588 589 590 594 597 600 602 604 605 607 609 612 613 614 615 616 617 618 619 620 624 625 627 629 630 633 634 637 641 646 648 649 653 657 659 660 661 667 668 669 670 674 676 680 681 687 693 700 703 704 705 707 708 709 710 714 715 716 717 718 719 723 724 726 727 732 733 734 740 743 748 749 750 751 754 756 757 760 761 762 763 766 770 772 773 774 776 777 778 779 780 781 785 786 787 791 793 796 797 804 806 808 809 811 814 815 816 818 820 822 825 826 827 828 829 832 834 835 837 840 842 843 845 847 848 850 854 855 856 859 862 863 864 866 867 871 876 878 882 883 884 887 888 894 895 896 898 900 901 902 903 905 908 911 912 914 916 917 920 923 926 929 931 932 934 936 941 942 945 947 949 950 952 956 960 961 962 964 965 966 969 973 975 977 978 979 980 981 982 984 986 989 990 991 992 993 995 997
NO
2 3 4 9 11 12 13 15 16 18 20 22 23 24 28 29 30 31 33 34 36 37 39 40 41 42 45 47 48 52 53 54 55 56 57 60 61 65 68 69 75 76 81 82 86 88 89 90 91 92 93 94 95 97 100 102 103 104 105 107 109 110 112 114 115 117 120 121 123 125 126 128 130 131 132 134 135 136 137 139 149 150 151 152 156 157 159 161 165 166 167 170 171 173 174 176 178 180 181 184 185 187 188 190 192 193 194 197 199 201 204 206 207 209 212 213 216 218 219 220 221 223 228 230 233 236 242 244 247 248 250 252 255 257 258 260 265 266 267 268 269 270 271 273 275 280 281 283 284 285 289 290 293 296 298 299 301 302 306 308 312 313 317 318 319 320 328 329 330 331 332 334 338 339 340 341 342 343 347 350 351 352 355 356 357 358 359 360 364 366 367 368 369 370 374 375 382 383 384 386 388 389 390 391 392 396 397 399 403 406 407 410 411 414 415 421 423 427 429 430 431 432 435 438 439 440 442 443 445 447 448 449 450 452 453 456 457 458 459 461 462 464 465 466 467 468 474 475 476 477 478 479 481 482 487 488 491 493 494 496 497 498 500 503 504 506 507 509 512 518 519 520 521 522 525 526 528 529 530 534 536 539 541 542 545 546 547 548 549 551 552 556 557 560 562 565 571 575 578 579 582 583 584 587 588 589 590 593 594 596 597 601 602 609 612 613 615 617 618 619 621 623 626 628 629 632 635 638 639 640 644 646 648 649 650 651 652 653 656 658 660 665 668 669 671 674 677 679 680 685 693 694 696 697 700 701 702 704 705 706 707 711 713 715 716 718 719 720 723 724 725 729 730 731 732 733 734 735 738 739 740 742 749 753 754 760 762 763 765 766 767 770 771 775 776 777 778 779 784 785 786 787 791 792 797 798 799 801 803 805 808 810 813 814 815 816 818 819 822 824 825 828 830 831 832 833 834 835 836 838 839 841 842 845 848 850 854 858 865 866 870 871 873 875 877 878 883 885 888 889 893 895 896 899 902 903 904 908 910 911 913 917 918 919 922 925 927 929 930 938 939 945 946 947 948 950 951 953 954 956 957 961 962 965 966 967 969 971 973 977 980 981 982 985 986 988 989 990 998 999
NO
2 3 4 9 10 15 16 19 20 24 27 28 31 38 39 40 44 45 46 48 49 52 55 56 58 59 60 63 68 70 71 72 73 75 76 78 79 81 82 83 88 93 96 97 105 106 107 108 111 118 119 120 122 123 126 128 129 131 132 133 134 136 141 142 143 144 145 150 151 153 154 155 156 157 158 159 160 161 162 165 167 169 170 172 176 178 180 184 185 187 191 192 193 195 196 197 199 200 201 205 207 209 210 211 214 215 216 217 218 219 222 223 227 229 231 232 233 237 238 240 243 244 246 248 249 252 253 254 256 257 260 267 268 270 272 273 274 275 278 279 281 283 287 288 290 291 292 293 296 297 298 299 300 301 302 303 304 305 308 309 312 316 318 322 327 328 329 332 334 335 338 340 341 342 343 344 348 351 352 353 354 355 356 358 359 360 362 363 365 367 372 373 374 375 376 382 384 385 388 389 390 392 394 395 396 397 398 402 404 407 409 414 417 421 422 425 428 430 434 438 439 441 446 448 451 452 454 457 459 463 464 465 466 467 471 473 477 480 481 485 488 489 491 493 494 496 497 500 501 502 505 510 511 514 517 518 520 523 525 527 528 529 530 532 533 534 535 536 540 542 543 544 545 547 549 551 552 553 556 557 558 559 561 562 563 564 565 571 572 573 575 576 579 580 584 586 588 591 592 594 596 599 601 603 605 606 607 608 612 613 614 616 617 618 619 620 623 624 627 629 630 632 633 634 635 637 638 639 642 643 647 648 649 650 651 653 658 659 660 661 662 666 668 669 671 673 678 679 681 682 683 687 691 693 694 695 697 700 701 702 707 710 711 714 715 718 719 723 724 725 726 729 732 735 736 737 746 747 749 750 751 753 758 760 762 763 764 765 766 767 769 770 772 776 777 779 780 781 783 787 790 794 795 797 799 800 801 802 803 804 806 807 808 811 812 814 815 816 817 818 821 824 826 828 830 832 833 835 837 839 841 847 849 851 856 858 859 860 868 870 872 873 877 879 880 881 882 884 886 893 896 897 900 901 902 903 904 908 910 912 914 919 920 922 923 924 925 927 928 936 938 940 941 943 944 945 950 953 954 957 959 961 963 966 967 970 971 976 978 980 982 985 986 987 988 991 993 994 996 1000
NO
1 4 5 6 7 8 9 14 15 17 18 21 23 25 26 27 28 29 32 33 36 38 40 41 47 49 50 51 54 58 59 62 64 65 67 68 69 70 71 72 75 76 82 83 84 85 86 87 88 89 92 93 96 98 99 103 104 106 110 111 112 114 118 119 122 124 126 127 131 132 133 135 136 137 139 140 141 142 146 148 150 151 152 155 158 159 160 161 162 164 165 169 170 172 173 174 176 178 183 187 190 194 200 202 203 206 207 212 213 214 215 217 218 219 220 221 223 224 225 232 233 236 237 241 243 244 245 247 249 250 251 252 256 260 261 263 264 265 266 268 270 276 283 286 288 289 292 294 299 302 303 305 306 307 311 312 313 314 315 316 321 322 326 328 329 330 331 334 335 337 338 343 344 345 346 347 350 351 354 355 356 357 358 360 361 362 364 365 366 367 368 369 371 372 373 376 378 379 381 382 384 385 386 387 388 389 392 393 394 397 401 405 406 408 410 411 413 416 429 430 431 434 435 438 441 442 443 444 446 447 451 454 456 458 459 461 462 465 468 469 471 474 477 481 482 483 484 485 486 487 489 493 495 499 504 511 517 518 519 523 525 526 527 528 529 530 532 534 535 539 542 545 547 548 549 552 553 557 559 562 567 568 572 573 576 578 579 580 581 583 587 589 590 591 592 594 596 597 598 600 603 606 607 610 613 618 619 620 623 624 625 626 629 630 631 634 635 639 641 643 644 647 649 650 652 653 656 658 659 660 663 664 665 666 669 670 672 673 674 676 677 679 681 683 685 686 687 688 690 691 693 695 696 698 702 703 704 705 708 709 711 713 715 717 719 720 723 725 726 728 729 733 736 737 743 744 747 748 749 750 753 754 755 756 757 758 759 760 761 764 765 766 768 771 772 779 781 783 784 786 788 791 793 794 797 798 799 802 808 811 812 813 816 819 820 822 824 825 829 830 831 832 834 836 837 838 839 840 842 845 847 852 853 855 856 858 860 862 865 866 869 871 872 874 875 876 881 882 884 885 886 887 894 895 897 898 899 900 902 904 905 907 909 915 918 920 921 929 932 936 940 942 943 945 946 948 950 953 954 955 957 960 962 966 968 970 974 975 976 977 979 982 984 985 987 992 993 994 995 1000
NO
1 3 5 6 7 9 11 12 16 17 18 19 20 21 22 23 26 28 29 31 32 33 35 41 42 43 45 48 51 56 59 60 61 62 65 66 67 70 72 73 75 78 80 81 83 85 88 89 91 93 94 95 100 102 103 106 107 109 110 111 113 114 115 117 118 121 122 124 127 130 131 132 133 134 135 136 137 138 139 143 145 146 147 148 149 150 151 153 155 158 159 160 161 162 163 167 169 170 171 172 173 174 175 176 177 178 180 185 186 187 189 191 195 196 197 200 201 202 203 204 205 206 208 211 212 213 216 217 218 219 220 222 227 228 231 233 234 236 237 241 243 244 245 246 248 251 252 256 258 261 264 267 269 270 273 275 277 278 279 280 281 283 286 287 290 291 292 296 299 300 302 303 305 308 310 312 314 316 317 319 324 326 328 332 333 343 345 346 351 353 354 355 357 358 360 361 364 372 374 376 377 379 382 383 385 388 389 390 391 392 393 394 395 397 402 406 407 409 410 411 412 414 416 418 419 420 422 423 427 428 429 431 433 439 440 442 444 446 447 454 462 463 464 466 467 471 474 476 477 478 479 480 483 484 485 486 488 489 491 492 493 495 498 499 501 502 509 510 511 513 514 515 517 521 523 526 528 529 530 531 532 534 535 540 545 546 548 549 551 552 554 555 558 559 562 564 573 574 575 579 581 583 584 585 587 590 593 596 599 600 603 605 608 610 617 618 619 621 622 625 626 628 634 637 640 642 645 647 650 653 655 656 657 662 664 666 667 671 672 674 675 677 678 679 681 682 684 685 688 689 690 692 694 697 699 700 709 712 714 720 722 724 725 727 728 729 730 732 735 736 741 743 744 745 747 750 751 753 754 759 763 765 767 768 769 774 775 776 777 781 782 786 787 788 792 793 794 797 798 801 802 803 804 808 814 816 819 820 821 822 823 824 826 828 830 831 832 833 836 837 838 840 841 845 849 853 857 858 859 860 862 863 864 866 868 869 870 873 876 879 883 885 887 888 889 895 897 900 901 902 904 905 912 917 921 922 924 925 927 928 929 930 932 933 934 935 938 939 940 942 945 951 954 956 958 960 961 962 963 964 965 966 968 969 970 971 973 974 979 981 983 984 986 988 990 992 994 995 996 1000
NO
1 2 4 6 13 14 15 16 18 20 23 24 29 31 34 36 38 41 42 43 44 51 54 57 59 60 61 63 64 67 68 69 70 76 77 78 82 84 88 89 91 92 93 97 98 99 102 103 104 105 107 108 110 112 113 115 116 120 123 125 126 127 129 132 135 136 137 139 142 144 146 147 148 150 151 156 165 167 168 169 170 171 174 177 178 181 182 183 188 189 190 193 194 195 198 200 202 209 212 213 214 215 216 218 219 221 222 224 225 227 229 231 232 233 238 239 242 243 244 251 253 254 255 256 257 262 264 266 269 271 275 276 278 279 282 284 288 294 295 296 297 299 300 301 302 303 304 305 309 310 313 317 318 319 321 322 324 325 328 329 331 332 333 334 336 338 340 341 342 343 346 352 353 354 355 356 357 359 361 363 365 367 368 370 372 375 376 377 379 381 383 384 386 387 390 391 392 393 394 395 396 399 403 404 411 414 415 416 417 418 421 433 435 440 441 443 444 447 449 451 453 454 458 459 460 463 465 466 468 471 473 477 480 482 483 484 486 491 492 493 494 497 498 500 501 502 506 508 509 511 512 513 514 517 518 519 520 528 529 530 531 532 533 536 538 539 540 541 543 544 545 546 548 550 553 555 556 557 559 560 566 567 568 569 570 574 576 577 578 579 582 583 587 589 590 594 597 605 607 609 610 614 615 616 617 618 619 620 622 623 624 626 631 636 638 641 643 647 653 654 655 656 658 659 660 663 664 665 667 668 670 671 673 677 679 683 685 686 689 690 691 692 694 698 699 700 704 706 708 709 710 713 714 715 716 720 723 724 727 729 732 733 734 735 737 738 739 741 742 743 747 748 750 752 754 758 759 760 761 762 764 765 770 771 775 776 777 779 780 781 784 785 788 790 791 794 795 796 798 802 805 806 808 809 810 811 812 813 817 824 826 827 829 831 832 835 840 841 842 844 846 849 851 852 853 856 859 860 862 863 867 868 870 872 879 880 881 884 885 886 887 888 889 890 893 894 897 899 902 903 905 906 907 914 917 918 919 922 924 925 926 928 930 932 933 934 935 937 938 940 942 948 950 951 952 953 957 958 959 961 964 965 966 967 969 970 972 974 977 979 981 982 984 985 988 990 991 993 994 999
NO
HELP

Answer:
323 611


Test:
1000
2 5 12 13 14 15 17 18 20 21 22 24 25 26 28 29 32 34 36 37 38 40 41 43 44 45 47 49 50 52 58 60 61 62 65 66 69 70 73 74 76 77 78 80 81 82 85 87 88 92 96 98 100 101 102 103 105 106 110 113 116 119 120 123 127 129 130 131 132 133 136 142 151 152 153 156 157 159 160 163 165 166 168 172 173 175 179 180 181 186 188 189 191 192 193 194 196 198 199 201 203 205 206 209 211 214 215 219 220 221 222 227 228 229 230 233 234 236 238 239 241 246 247 248 250 251 253 255 256 260 261 263 265 266 270 273 274 275 277 280 281 283 284 285 287 289 291 293 297 298 299 301 302 303 304 306 308 313 315 316 317 318 319 320 321 326 330 336 338 340 341 342 345 346 348 349 350 352 353 354 355 357 361 364 366 367 368 372 373 377 378 380 382 383 384 385 388 389 392 393 394 396 397 398 400 402 403 405 406 409 411 416 418 419 421 424 428 429 432 433 434 437 441 444 445 446 447 448 449 451 453 455 458 462 465 467 469 471 473 474 478 479 480 481 483 485 487 488 490 491 495 496 499 500 501 502 503 504 505 506 507 511 512 515 517 519 520 521 522 523 527 529 533 534 535 536 537 542 543 546 552 553 555 556 558 559 560 561 563 570 571 572 574 575 577 580 595 596 597 600 601 602 605 606 607 608 611 616 619 620 621 622 623 624 626 629 631 632 633 636 637 638 639 644 646 652 653 655 658 659 661 663 665 666 667 668 669 672 673 674 675 676 680 681 682 684 687 689 693 696 697 699 702 704 705 706 710 711 713 714 716 718 719 720 721 722 725 729 731 732 733 735 739 740 741 742 744 745 748 749 750 753 754 755 757 759 760 761 763 765 767 768 772 774 776 777 778 780 781 782 784 786 788 789 791 792 795 796 803 805 808 809 813 814 816 821 823 825 829 830 833 834 835 840 845 847 851 853 855 856 857 862 863 864 866 868 869 870 873 874 875 876 880 882 884 885 886 892 893 902 903 904 905 906 907 908 912 914 916 918 919 921 923 924 925 926 927 929 930 932 933 936 940 942 946 947 948 950 951 953 954 955 956 957 959 960 965 966 967 968 969 971 973 977 982 988 990 992 996 1000
YES
2 3 4 7 8 9 11 13 14 16 17 19 21 23 25 26 27 31 37 38 39 43 45 47 49 50 54 59 61 62 63 66 68 69 70 71 72 77 79 82 87 88 91 92 94 96 97 99 100 103 104 105 111 112 114 116 119 122 125 127 131 133 137 140 142 144 145 146 151 152 153 154 155 157 160 163 164 166 171 172 176 180 188 190 191 192 193 194 195 196 197 198 199 200 205 206 207 208 210 211 213 214 218 221 222 226 227 230 233 235 237 239 241 242 243 245 246 248 249 254 256 258 259 260 262 264 266 267 268 271 273 275 276 279 283 284 286 287 288 290 294 295 300 302 304 305 307 310 319 323 325 330 331 332 333 340 341 343 349 351 356 357 358 360 365 366 367 368 369 371 372 374 377 379 381 382 383 384 385 386 388 390 391 393 397 400 403 405 408 409 410 411 413 414 416 423 426 428 430 431 432 434 436 437 438 440 442 443 444 445 446 448 449 450 451 452 454 458 459 460 463 464 465 468 469 470 476 480 481 482 485 489 493 495 498 499 500 501 502 503 505 507 510 512 515 516 518 520 522 524 525 529 530 533 535 536 539 540 541 543 544 545 548 549 551 553 554 560 567 568 571 572 573 574 575 576 577 581 583 584 585 587 589 590 591 592 594 596 600 604 607 609 610 612 616 618 619 620 624 625 627 628 631 633 636 639 640 642 645 646 648 649 652 655 659 663 665 666 667 668 669 670 671 673 674 675 676 678 681 682 685 686 687 688 690 691 693 696 698 699 701 703 704 709 710 713 714 715 717 722 725 727 731 734 736 737 739 740 741 742 743 746 749 750 753 754 755 758 760 762 763 764 765 767 769 771 772 773 774 777 778 780 786 789 793 796 799 801 802 803 804 807 809 810 812 814 817 818 819 820 822 825 828 829 836 839 842 843 845 846 847 848 849 850 851 852 854 857 858 861 863 866 869 870 871 873 874 877 878 879 880 881 884 885 886 893 895 900 902 905 906 909 910 911 912 913 915 917 918 919 923 924 925 926 927 929 931 933 935 937 939 942 943 945 946 947 949 951 955 956 960 961 962 964 966 969 970 971 972 973 974 975 976 978 981 982 984 985 986 987 988 991 992 993 994 995 996 997 998 1000
YES
2 4 5 6 9 10 11 13 15 16 19 24 26 27 32 34 37 38 39 42 43 45 47 48 51 52 53 55 58 59 60 61 62 64 68 69 70 71 76 79 82 91 93 94 95 100 101 102 105 106 107 109 110 111 112 115 116 117 118 123 125 128 132 133 134 135 137 140 141 143 146 148 149 150 152 156 157 159 162 163 165 168 172 173 174 179 181 183 184 185 186 190 194 197 199 200 201 204 205 206 208 210 212 213 215 216 217 219 220 221 224 228 230 232 233 236 239 241 242 243 244 247 251 252 253 254 257 258 259 260 261 262 263 264 265 266 268 269 275 277 283 284 285 286 289 290 291 293 294 295 297 299 302 308 311 313 315 316 323 325 326 327 328 331 334 335 340 342 343 344 345 346 350 351 354 356 357 358 360 361 364 365 366 367 369 374 377 379 380 382 383 385 386 388 391 392 394 396 399 400 401 402 404 405 406 407 408 409 410 415 416 417 420 423 425 426 427 429 430 433 434 439 440 443 444 445 447 451 453 454 455 456 459 463 466 470 471 472 474 475 478 480 481 482 483 484 485 490 492 494 495 496 497 501 502 503 506 508 515 516 517 520 521 522 523 524 526 527 529 530 531 533 534 537 538 543 548 549 552 554 559 563 565 567 569 572 574 576 577 582 585 589 590 594 598 599 600 601 602 605 606 607 612 613 616 618 619 623 627 630 633 636 637 638 639 642 644 645 648 650 651 652 653 654 658 659 660 662 668 669 670 672 673 675 676 678 680 682 683 684 690 694 696 704 705 706 707 708 709 716 718 719 720 721 723 724 727 728 729 731 733 735 736 742 744 745 748 750 752 753 756 757 758 766 772 773 776 778 780 781 783 784 788 789 790 792 794 795 797 799 800 801 802 803 804 805 806 808 810 811 813 814 815 816 818 819 821 822 823 826 827 828 829 831 835 837 839 840 841 842 843 851 852 854 855 859 860 861 864 865 866 867 870 872 875 876 878 879 881 883 886 890 895 897 898 899 902 904 907 908 909 910 911 913 914 916 919 920 924 926 927 928 930 933 934 937 938 939 941 944 945 946 947 949 950 951 952 953 958 959 960 962 964 965 966 967 968 972 974 975 976 977 978 979 981 990 993 995 999 1000
YES
2 3 4 7 8 9 10 11 13 14 15 16 19 20 23 24 27 28 29 32 33 35 38 39 41 45 46 47 48 49 54 55 58 61 63 64 66 67 68 69 70 75 77 78 79 84 85 87 89 91 92 95 99 100 103 104 105 106 110 111 112 118 119 123 124 126 130 131 132 134 136 138 139 141 144 146 150 153 154 158 160 163 164 170 174 177 179 181 182 185 188 191 193 194 199 201 202 203 204 208 209 210 212 219 220 221 223 224 225 228 230 234 235 236 238 239 241 242 243 244 246 247 248 252 254 255 257 258 263 264 268 269 270 271 272 274 275 277 280 281 283 285 287 289 290 291 292 293 294 295 297 300 302 303 304 305 306 308 309 311 315 316 317 318 319 322 323 324 325 327 328 331 332 335 336 337 338 339 343 345 347 349 351 354 355 356 361 362 363 368 369 375 385 387 388 391 393 394 401 403 404 405 413 415 417 418 420 422 423 424 426 428 435 438 439 440 441 443 445 448 450 453 454 455 456 458 459 461 462 463 465 467 468 469 471 475 476 477 478 479 480 481 482 483 486 489 492 496 501 502 505 507 508 509 510 512 513 514 515 517 518 521 522 524 527 528 529 531 532 535 537 541 544 545 546 549 551 552 553 557 558 562 563 565 567 568 569 573 576 579 582 583 588 590 593 595 597 601 602 603 605 606 607 612 614 616 618 619 621 622 623 624 625 626 628 629 631 634 635 636 637 638 639 640 641 642 645 648 651 652 655 656 657 659 661 662 663 664 665 668 669 676 677 679 681 683 685 686 687 689 690 693 694 695 698 699 704 705 707 708 713 716 719 720 721 722 723 724 726 734 735 736 737 743 745 747 748 749 751 752 754 758 759 760 762 766 767 769 770 774 775 778 779 782 785 787 790 791 793 795 800 801 806 807 808 811 812 814 817 820 821 825 826 831 833 835 836 837 838 840 841 845 847 848 849 850 851 854 855 856 860 861 862 864 865 866 869 870 880 893 894 898 901 906 907 909 911 912 913 915 917 918 920 921 923 924 928 929 931 933 935 936 937 939 940 941 942 943 945 946 947 948 949 953 955 956 958 960 961 963 964 965 968 969 971 974 975 977 978 981 982 983 984 985 986 988 989 992 994 1000
YES
2 5 7 10 11 12 16 17 18 19 20 22 23 25 26 28 29 32 33 34 35 36 37 38 40 43 44 47 49 52 53 54 55 57 59 60 61 62 63 65 67 68 69 70 71 75 76 81 82 86 88 89 90 92 93 94 95 96 99 100 103 105 106 107 108 109 111 114 116 119 120 121 122 124 125 129 133 134 136 137 140 141 143 144 145 147 150 151 152 159 160 166 174 175 176 177 179 181 182 184 185 191 195 196 202 203 204 207 209 211 212 214 219 221 224 225 226 227 228 231 232 233 235 238 245 246 247 249 250 251 252 255 260 262 265 266 267 269 271 273 277 279 280 281 282 285 286 290 293 294 296 300 301 304 305 307 312 313 315 318 319 323 325 326 327 330 332 333 336 340 344 345 346 348 349 355 356 357 359 363 365 371 373 374 375 376 377 380 382 385 388 389 390 391 393 394 395 396 403 404 406 411 413 415 417 418 419 420 422 423 425 430 431 433 435 436 441 443 445 449 450 451 453 454 457 458 459 460 461 463 465 466 470 472 478 479 482 484 486 488 489 490 492 495 497 499 502 503 504 506 508 511 513 514 517 519 520 521 524 525 527 531 533 535 537 538 539 540 541 544 545 546 548 550 551 552 554 556 559 561 562 563 567 569 572 577 581 583 586 587 588 590 591 592 593 595 597 598 599 600 601 602 603 604 606 610 613 614 616 617 618 620 621 623 626 627 629 630 631 633 641 643 644 645 646 647 649 654 655 658 659 660 661 662 663 665 669 670 673 675 676 680 682 683 684 685 686 687 688 689 690 694 696 698 701 702 705 709 713 714 717 720 721 723 725 727 729 730 733 736 739 740 741 743 746 748 750 751 753 755 761 762 763 764 765 766 767 768 771 773 774 777 778 780 782 784 786 788 789 790 791 798 802 804 807 808 810 811 813 815 818 819 821 829 830 833 835 836 837 839 840 842 844 850 853 857 858 860 862 863 864 865 867 870 873 874 875 877 880 881 883 886 887 888 889 890 895 896 897 898 903 904 905 906 908 914 916 920 923 926 927 929 933 934 935 938 940 941 945 946 947 948 949 950 951 953 957 958 959 961 963 964 968 969 972 973 975 976 977 978 981 984 987 988 991 992 993 994 998 1000
NO
1 2 4 5 7 11 15 17 18 19 20 21 25 26 27 28 30 33 37 38 39 40 41 42 44 51 54 55 56 59 60 61 64 65 67 68 73 74 75 81 87 89 90 92 93 96 97 100 101 103 110 111 114 116 117 119 121 123 124 125 128 129 130 132 134 135 139 140 141 143 145 149 150 152 153 158 161 163 167 171 174 180 181 182 183 184 185 187 188 189 192 193 195 197 198 199 201 202 203 205 207 209 210 211 214 216 217 220 221 222 223 224 226 227 228 229 230 231 235 236 237 238 243 246 247 248 251 252 255 256 259 261 262 265 268 269 270 271 272 273 277 278 279 280 284 286 288 289 290 291 292 296 299 300 302 303 304 306 307 308 309 312 313 314 315 318 319 320 321 324 326 327 328 332 334 335 337 338 339 340 341 343 344 345 346 347 352 355 356 359 361 362 366 367 369 372 373 374 375 376 378 380 381 382 383 384 387 388 389 390 392 396 397 398 401 405 411 412 414 415 417 418 422 424 425 428 429 430 436 437 439 442 443 446 447 449 450 451 454 459 462 466 469 471 473 474 475 478 484 485 487 492 494 495 497 501 503 504 505 507 508 509 510 512 513 515 517 520 523 524 525 526 530 531 532 536 539 545 546 547 549 550 551 552 555 557 558 559 560 564 566 569 570 571 573 574 576 577 578 579 581 583 584 586 587 589 590 594 595 597 600 602 604 610 611 612 617 619 620 621 622 625 628 632 636 638 640 641 642 644 646 649 650 651 652 655 656 658 661 662 666 668 669 671 673 674 678 681 685 686 687 688 690 691 692 696 697 699 700 704 707 709 710 712 717 718 719 721 724 727 728 730 734 735 736 737 740 741 743 744 748 750 751 754 755 756 758 759 761 763 764 765 766 768 769 770 778 779 781 782 789 790 792 793 795 797 799 801 803 809 814 824 826 828 830 832 833 835 839 842 843 846 847 850 852 855 858 859 860 861 862 863 864 865 867 868 869 871 873 876 877 878 883 887 888 889 890 893 898 899 900 901 902 903 905 907 908 909 910 911 914 915 916 918 919 920 922 923 924 927 932 934 935 938 939 944 949 950 952 953 956 958 959 963 967 969 973 975 977 980 983 985 986 987 988 989 990 991 996 999
NO
1 7 8 11 14 16 17 20 21 22 23 24 26 29 31 37 40 47 48 49 50 53 54 55 56 58 60 61 64 65 67 69 71 73 75 76 78 80 81 82 83 84 85 86 89 92 97 99 101 103 105 106 108 109 113 116 117 118 120 121 122 124 125 128 131 133 135 140 141 143 146 150 151 156 158 160 162 164 168 169 170 171 172 174 175 177 178 179 180 183 184 188 190 191 195 197 198 201 202 203 206 208 210 211 212 213 214 215 218 220 221 222 223 225 228 229 230 231 233 234 237 238 241 245 246 247 248 249 251 252 253 255 256 261 264 269 273 276 277 279 280 282 283 284 286 287 292 295 296 297 301 302 304 305 308 311 312 315 316 317 318 320 321 322 324 327 330 331 334 335 336 337 338 339 340 341 344 345 346 347 350 356 359 362 363 364 369 370 371 375 376 377 378 379 380 381 382 385 386 388 389 390 392 393 395 398 399 400 404 406 408 409 411 414 415 418 420 421 423 424 426 427 431 434 440 443 444 446 449 453 455 456 459 460 463 465 466 471 472 473 474 476 479 480 483 484 491 492 494 496 498 499 509 513 514 518 519 520 522 523 527 528 532 535 539 540 541 543 549 550 552 557 558 559 562 563 564 566 568 571 572 573 576 578 579 581 583 585 586 588 590 591 593 594 595 597 599 602 603 604 605 607 608 609 611 612 615 618 620 622 627 629 631 633 634 635 636 637 642 645 646 648 650 651 652 654 656 657 660 664 668 669 670 673 675 676 678 679 680 681 682 683 687 688 689 690 691 692 695 698 699 700 701 703 704 705 706 707 708 710 711 712 714 715 720 723 724 725 726 729 730 731 732 733 734 737 743 745 746 747 748 750 752 753 756 757 762 763 767 769 770 774 775 776 777 779 780 786 789 790 792 793 794 797 798 800 804 807 808 810 813 815 817 819 820 823 825 826 828 832 834 835 840 841 857 859 861 862 865 866 867 869 870 871 872 874 877 878 881 883 884 885 886 888 895 898 899 900 902 905 906 908 910 911 913 915 916 918 921 922 923 924 927 929 930 931 932 935 936 937 939 940 941 942 943 947 951 953 955 958 961 967 970 971 972 973 975 976 979 980 982 985 987 989 991 993 994 995 997 1000
NO
1 2 3 6 7 8 9 13 14 15 16 19 24 25 29 30 31 32 34 36 38 39 40 41 43 44 46 47 49 51 52 54 56 58 60 61 62 66 68 69 74 77 78 79 81 82 85 89 90 91 93 94 95 96 97 100 102 105 110 111 114 116 119 120 121 122 123 124 126 129 130 135 136 137 138 139 140 141 144 145 146 148 149 150 153 155 157 158 161 168 169 170 173 175 176 178 179 182 183 184 185 187 188 189 190 192 193 194 195 200 202 205 206 210 211 212 214 216 218 220 222 228 230 232 233 239 241 243 246 248 251 252 253 254 255 256 263 265 266 267 269 270 271 274 276 278 281 283 286 290 291 292 294 295 297 301 302 304 311 313 314 318 320 322 327 330 332 334 335 336 337 339 340 343 350 352 353 354 357 363 365 369 372 373 376 378 382 383 384 385 387 388 389 392 393 396 397 398 405 406 408 409 411 415 421 422 425 426 427 428 431 432 433 434 436 437 443 445 446 448 450 451 452 453 456 459 460 462 466 467 469 470 472 474 475 476 477 481 482 484 485 487 490 492 494 495 496 500 509 511 514 517 518 519 520 521 522 524 527 528 529 530 534 535 540 542 544 547 548 551 553 554 557 558 564 567 568 569 570 573 574 575 576 579 580 582 583 584 585 587 591 593 594 595 597 598 599 601 604 605 606 607 609 612 614 616 618 620 624 625 628 629 630 631 632 638 640 642 643 645 646 649 651 658 659 663 665 668 669 671 673 675 681 682 685 686 688 689 691 692 694 697 698 701 703 704 705 706 707 708 710 711 714 716 719 720 721 724 726 728 729 732 737 739 742 744 746 748 751 752 754 756 759 760 765 768 769 771 773 775 776 779 782 784 785 786 790 794 795 796 797 800 803 804 805 806 807 810 811 812 814 815 816 817 820 821 822 824 826 828 829 833 836 837 841 842 843 844 845 847 848 849 851 852 853 855 856 857 858 859 863 864 865 866 867 868 870 871 876 877 878 879 880 883 885 886 888 891 892 893 894 895 896 898 900 902 904 906 907 909 910 911 914 915 918 919 923 926 927 929 930 938 939 941 943 945 947 948 949 951 963 964 966 969 971 974 975 976 977 978 979 981 983 986 992 994 996 998 999 1000
YES
1 4 5 11 22 25 26 29 30 31 32 33 34 36 42 44 50 52 57 58 60 61 67 68 69 70 71 72 73 74 77 79 80 81 84 86 87 89 90 91 93 95 98 102 103 104 105 106 108 111 113 114 117 118 119 122 123 124 125 128 130 131 135 142 144 147 150 151 159 162 164 165 167 170 171 174 175 177 178 181 184 186 187 188 189 195 198 199 201 203 207 209 210 211 212 213 214 218 219 220 222 223 226 227 229 230 231 232 233 234 236 237 239 243 244 247 251 253 254 256 264 265 268 269 270 271 272 276 277 278 280 281 282 284 286 288 289 290 291 293 294 295 297 298 299 301 304 307 308 310 311 312 319 320 322 323 325 326 327 329 330 331 333 335 336 337 339 340 342 346 349 350 351 352 357 361 362 366 371 372 374 377 379 380 386 387 390 392 393 394 395 398 399 402 403 404 407 408 410 412 414 417 420 421 422 423 426 428 431 432 433 434 437 438 439 441 442 443 445 446 451 452 453 454 455 456 460 461 462 465 467 469 470 474 476 477 478 479 480 484 487 489 490 492 498 499 500 507 508 509 512 513 517 518 520 521 522 523 525 526 528 530 534 535 536 540 543 544 545 547 549 550 553 554 555 556 560 561 563 565 566 571 575 577 581 582 583 584 586 587 588 589 591 592 597 598 599 600 601 603 604 607 609 610 611 616 617 618 621 626 627 629 630 631 632 633 634 635 636 637 642 644 647 650 652 656 657 658 660 661 662 663 664 665 666 669 671 672 673 674 675 676 678 679 681 687 691 693 696 697 700 702 706 708 710 716 724 726 729 741 742 743 747 751 752 754 756 757 760 761 762 763 766 769 771 772 773 776 777 778 780 781 783 786 787 789 790 791 792 793 794 796 797 799 800 802 805 806 807 810 811 816 819 820 822 824 827 828 829 832 833 834 837 839 840 841 842 845 847 848 849 850 851 853 854 855 856 858 859 863 866 870 875 876 877 878 882 884 886 891 893 894 896 897 898 900 901 902 904 907 908 910 913 917 918 919 920 922 924 925 926 930 931 932 933 935 936 938 939 940 941 943 946 951 952 953 957 958 959 962 966 969 970 971 972 975 976 977 978 982 983 984 986 989 990 992 993 997 998 999
NO
2 3 4 6 8 9 12 13 17 19 22 23 25 26 27 28 29 31 32 33 35 36 38 40 41 42 46 47 50 51 53 55 59 62 64 66 68 69 72 73 75 79 80 81 82 88 92 94 96 98 100 102 105 107 118 119 120 122 123 124 125 128 131 132 133 135 137 138 141 144 147 148 149 152 154 155 156 158 159 162 163 167 170 174 176 180 183 185 187 188 191 193 194 201 206 208 212 213 214 219 224 225 227 229 231 233 234 235 236 237 239 240 241 247 248 249 251 253 254 256 257 258 259 260 261 262 263 264 266 271 272 275 279 280 281 282 284 285 286 287 288 290 291 292 296 300 301 303 304 305 307 311 312 316 320 324 325 326 327 328 334 335 336 338 341 342 344 345 347 348 351 356 357 358 359 360 361 365 368 371 372 375 376 377 378 379 380 383 384 385 388 390 391 392 394 395 396 397 398 400 404 408 409 412 413 414 415 416 417 419 420 422 424 425 429 431 434 436 437 440 441 445 446 447 448 450 456 457 460 463 465 468 469 470 471 472 476 479 484 485 486 490 491 492 494 496 498 500 506 507 508 514 515 517 518 519 520 521 522 523 524 526 528 529 531 532 533 534 536 537 539 540 549 550 551 555 556 557 558 559 560 564 565 569 570 572 574 575 576 577 582 585 587 588 590 591 593 594 595 597 598 599 604 606 607 608 611 612 613 615 616 619 620 623 626 627 628 630 632 633 635 636 637 638 641 644 645 649 650 651 652 654 655 656 657 658 659 663 664 665 666 668 669 671 672 676 680 681 682 683 684 686 687 689 691 692 694 695 696 697 698 699 701 706 707 708 710 711 712 713 714 717 719 721 723 724 726 729 730 731 737 739 740 743 748 749 750 751 752 760 761 762 763 764 765 769 772 775 776 777 780 781 783 786 788 790 791 792 794 795 797 798 800 802 803 804 805 807 808 810 813 814 816 817 818 819 821 822 827 832 834 835 844 846 850 851 855 856 862 864 865 868 870 871 877 880 885 886 887 891 894 896 899 902 903 904 905 906 908 909 912 914 915 917 920 922 923 924 928 930 931 933 936 938 942 943 948 951 952 957 960 961 962 969 970 972 973 978 979 980 983 988 990 991 992 993 995 996 997 1000
YES
HELP

Answer:
13 194 529

