Name:
Количество различных чисел

Statement:
<p>Дан список чисел, который может содержать до 100000 чисел.
Определите, сколько в нем встречается различных чисел.</p>

<p>Примечание. Эту задачу на Питоне можно решить в одну строчку.</p>

Test:
1 2 3 2 1

Answer:
3


Test:
1 2 3 4 5 6 7 8 9 10

Answer:
10


Test:
1 2 3 4 5 1 2 1 2 7 3

Answer:
6


Test:
1 1 1 1 1 1 1 1 1 1 1 1

Answer:
1


Test:
25 7 4 37 28 9 38 18 30 80 71 55 80 4 62 80 26 71 3 5 89 56 62 68 12 43 9 38 81 84 21 12 8 64 76 19 79 44 98 39 80 11 87 84 13 22 57 84 73 6 17 7 2 5 22 27 83 11 7 85 7 68 62 12 75 4 21 77 11 92 73 12 13 21 61 82 39 8 20 58 56 33 49 81 92 55 40 42 25 79 34 99 30 24 42 58 91 40 80 76

Answer:
59


Test:
728 992 199 978 378 329 464 677 339 176 265 881 680 764 32 662 157 803 758 154 502 57 525 703 589 724 924 806 376 732 998 646 135 869 268 382 612 866 379 245 44 441 698 452 722 141 469 228 478 810 107 466 876 914 682 705 288 842 204 930 658 395 789 629 19 529 638 124 203 919 426 123 969 657 430 272 842 27 984 396 866 408 300 364 407 154 220 490 288 474 553 897 718 874 858 809 493 652 182 848 621 680 10 739 574 885 717 698 669 80 80 494 165 804 445 67 506 922 309 562 486 121 194 677 410 501 775 102 915 699 83 856 256 437 381 507 757 863 907 776 209 595 26 902 923 661 54 131 791 157 70 597 541 279 824 684 995 402 214 343 508 412 402 423 371 525 898 367 627 188 48 499 878 401 40 767 296 955 775 771 31 999 639 5 616 971 355 665 438 100 8 591 596 266 48 107 721 593 569 803 126 33 985 577 885 222 984 210 761 357 248 643 923 549 839 218 97 420 743 460 305 667 163 928 413 592 662 145 924 845 321 578 26 601 783 97 392 34 342 549 332 196 84 819 552 442 182 736 617 671 973 713 797 489 426 827 261 548 111 381 223 829 976 374 554 411 84 65 880 828 876 671 673 294 904 146 279 146 155 163 1000 210 400 922 824 51 57 547 26 267 335 837 18 190 724 814 641 423 851 457 864 533 995 299 938 625 845 977 648 930 711 114 707 851 733 270 388 371 859 29 384 242 698 27 586 254 47 988 364 536 789 176 200 2 202 236 227 548 673 400 548 701 687 648 971 420 463 852 984 797 253 854 236 312 360 49 395 380 485 12 902 598 529 859 199 733 518 424 64 362 955 314 74 921 282 55 656 492 864 64 548 765 676 171 655 146 318 710 669 789 255 937 628 167 267 500 498 78 488 850 150 668 44 820 930 827 38 716 550 466 589 600 449 705 151 937 103 67 54 938 188 947 400 93 627 655 177 193 688 132 163 374 75 128 138 19 974 193 559 299 854 255 992 312 527 900 137 880 480 693 713 978 386 88 212 706 184 186 393 109 68 617 682 874 344 840 787 609 377 760 699 807 373 674 938 971 488 930 23 705 332 17 152 725 336 496 675 299 708 455 128 330 105 377 602 778 905 522 720 572 775 169 125 540 905 253 570 99 347 118 945 155 80 104 194 820 75 709 687 965 157 400 923 782 105 678 747 147 121 802 866 593 461 102 560 67 686 741 330 106 323 570 755 335 548 36 813 257 75 538 24 564 800 987 605 847 85 60 355 442 111 620 138 432 556 572 803 3 640 273 645 588 197 653 439 301 198 771 361 226 43 901 320 153 411 97 815 745 535 62 400 902 575 269 663 371 87 628 279 620 692 970 474 899 43 124 772 472 52 317 417 747 889 756 854 400 867 832 154 526 945 197 695 212 140 302 461 489 94 572 792 205 329 391 98 241 268 456 30 60 632 895 90 506 164 593 244 759 442 899 756 800 912 506 636 310 237 966 58 179 220 868 788 526 529 245 425 258 591 714 120 651 357 268 75 941 811 58 530 593 683 221 380 692 889 109 198 640 931 405 994 814 23 902 379 15 420 425 966 239 183 111 858 613 548 786 180 353 373 840 306 202 827 644 959 271 976 95 233 868 732 410 392 122 19 287 130 345 798 310 144 513 351 368 810 421 885 280 144 852 933 304 401 869 216 169 117 334 264 512 745 370 759 221 826 400 395 985 609 750 134 222 249 481 777 386 42 417 364 609 127 923 951 104 243 29 995 698 259 74 381 224 451 483 277 909 625 183 542 282 983 96 7 244 400 925 283 954 796 756 416 434 989 553 210 277 445 48 46 632 724 298 214 286 115 706 758 157 528 193 341 77 712 783 136 35 739 52 154 619 277 847 693 757 166 822 589 107 411 557 726 22 670 181 38 884 760 221 295 907 177 60 19 62 615 273 433 896 45 318 364 897 762 43 870 675 459 50 634 919 656 811 790 90 330 551 843 388 378 311 934 706 97 421 116 66 849 991 250 371 237 616 807 749 236 338 312 888 698 229 404 148 812 954 695 219 758 304 882 838 31 554 312 55 786 120 608 502 539 238 203 206 973 442 43 671 110 165 206 224 900 87 107 932 982 406 800 833 103 187 597 87 408 79 959 945 916 632 881 548 302 841 968 670 311 7 694 817 104 347 257 213 702 985 205 842 379 814 842 297 867 161 392 650 335 303 22 441 715 3 89 993 140 934 56 863 190 818 301 851 648 175 712 688 760 989 147 537 883 610

Answer:
641


Test:
886 585 378 565 31 657 356 647 858 807 417 582 330 452 647 81 669 34 646 270 225 198 565 317 49 117 745 957 474 378 434 294 584 764 227 96 116 55 938 665 576 402 939 196 584 1 94 575 481 903 967 502 789 776 436 921 755 95 569 872 61 281 629 133 425 149 32 837 102 495 987 241 140 292 907 621 80 415 512 860 385 428 871 253 48 281 370 937 143 821 146 989 705 577 522 612 760 480 216 384 997 657 422 8 153 496 19 322 278 493 557 167 349 960 451 890 554 343 408 440 189 542 488 546 9 642 512 458 819 32 277 226 193 573 621 593 324 823 122 676 588 379 794 605 45 134 458 832 289 910 458 262 362 851 892 35 93 79 222 881 61 555 2 702 989 388 995 189 986 178 397 670 731 564 281 267 987 196 974 953 272 386 595 27 447 245 138 749 462 530 67 641 9 183 613 925 428 662 492 56 892 194 427 579 675 173 164 829 458 476 956 674 751 233 611 929 565 540 235 278 875 774 854 683 657 628 397 885 853 345 562 14 946 517 34 653 405 649 569 164 333 934 264 453 105 406 929 503 290 332 500 519 645 799 694 284 362 783 928 254 242 134 529 248 578 757 70 776 877 638 711 766 278 415 514 16 178 509 356 17 709 623 623 363 531 433 329 433 890 355 503 175 517 956 752 640 33 860 234 278 369 288 615 984 31 771 770 660 96 120 273 725 331 937 954 220 920 373 351 86 791 734 828 106 243 454 731 112 130 597 333 284 921 541 19 555 238 833 308 694 798 999 546 682 596 678 23 82 890 584 755 86 430 860 754 784 1 17 344 537 909 435 109 719 931 480 291 142 216 255 904 670 72 884 595 350 729 648 2 282 762 654 18 743 329 824 923 676 271 966 661 627 365 885 920 230 235 194 804 242 36 133 594 461 100 625 5 128 206 160 700 690 865 479 432 715 579 796 539 409 840 299 897 459 177 323 493 517 540 164 250 717 492 65 460 988 438 324 847 93 680 948 747 432 175 487 982 79 51 426 494 460 134 194 869 572 437 311 134 37 929 295 196 963 783 896 789 133 28 601 206 509 546 264 206 999 892 686 800 976 101 844 200 814 103 597 328 589 24 895 831 173 901 521 59 526 677 816 702 900 844 183 665 445 883 206 441 161 511 683 205 105 961 212 845 457 769 682 79 670 594 223 490 284 97 913 260 870 367 52 52 159 595 779 58 719 531 717 438 472 813 51 739 900 253 418 456 404 595 983 405 764 714 958 724 234 411 847 290 257 845 768 941 521 937 344 255 316 537 950 616 861 683 945 520 596 905 692 261 972 516 66 707 2 124 363 927 696 448 16 102 895 461 303 559 85 321 664 75 45 940 32 469 873 581 927 224 846 928 653 854 496 163 535 259 88 433 368 443 388 6 902 159 584 439 214 469 445 877 346 93 406 12 51 132 413 486 564 298 901 153 132 784 640 438 398 713 605 198 556 513 986 293 189 754 658 583 32 688 906 342 17 96 77 215 296 26 288 404 174 219 920 905 685 303 303 698 952 183 328 914 510 845 778 565 544 4 486 388 584 336 276 577 303 328 142 446 128 231 208 123 949 654 607 710 760 852 876 113 513 711 21 338 84 936 601 994 849 923 217 508 834 97 689 87 117 506 208 205 10 108 537 249 243 927 891 988 279 408 981 861 606 62 909 409 453 573 450 735 737 259 429 989 551 276 549 966 11 246 180 500 104 832 877 306 831 502 723 951 372 90 678 372 851 988 257 235 897 502 471 128 625 575 421 439 187 28 615 78 363 937 247 217 516 139 609 821 198 410 828 131 754 314 265 565 265 807 531 616 833 869 876 888 439 996 206 367 336 544 290 201 519 453 852 833 212 107 203 368 648 504 565 941 324 35 900 734 219 61 31 932 901 491 569 676 151 557 930 857 456 439 425 974 914 309 740 277 141 824 562 218 80 192 354 53 403 882 754 956 572 70 901 185 110 999 40 66 328 319 876 15 761 700 433 206 732 159 107 219 16 568 943 191 412 309 948 277 552 329 641 617 90 918 533 195 214 505 765 834 112 177 174 473 687 451 681 687 877 177 731 153 403 578 688 67 367 364 731 484 191 921 242 434 659 298 463 117 271 112 610 541 74 696 400 500 252 644 147 670 478 26 596 583 946 950 587 515 897 797 624 692 202 114 218 804 356 636 456 279 943 757 665 137 243 507 368 436 443 104 948 627 977 760 619 634 362 320 735 548 215 814 993 687 975 359 547 112 818 842 546

Answer:
630

