Name:
Количество совпадающих

Statement:
<p>Даны два списка чисел, которые могут содержать до 100000 чисел каждый.
Посчитайте, сколько чисел содержится одновременно как в первом списке, так и во втором.</p>

<p>Примечание. Эту задачу на Питоне можно решить в одну строчку.</p>

Test:
1 3 2
4 3 2

Answer:
2


Test:
1 2 6 4 5 7
10 2 3 4 8

Answer:
2


Test:
1 7 3 8 10 2 5
6 5 2 8 4 3 7

Answer:
5


Test:
75 8 65 66 3 30 38 45 82 93 89 81 68 20 10 99 84 71 59 36 54 50 14 86 91 16 96 37 80 79 69 52 64 88 32 28 53 2 55 95 21 62 31 5 85 22 39 78 7 83 43 18 48 33 97 11 19 100 41 12 29 58 74
26 94 17 71 84 75 5 29 21 38 2 35 6 78 89 53 58 86 93 63 36 74 27 72 76 49 52 64 65 100 28 69 8 1 48 39 50 87 73 90 70 13 11 62 66 80 37 15 14 54 67 34 59 44 43 20 57 82 45 95 92 56 47 51 33 10 98

Answer:
41


Test:
659 806 308 868 278 985 458 470 333 532 617 277 440 227 448 599 394 529 757 435 295 911 704 562 293 402 809 47 515 984 776 46 907 244 739 720 350 270 101 590 218 753 958 499 537 889 175 558 92 148 457 972 69 933 551 838 205 611 283 862 404 650 229 68 41 120 871 702 904 476 525 890 451 901 925 447 326 885 879 892 732 936 512 67 228 361 452 226 198 152 418 464 578 778 123 978 814 728 131 567 613 255 998 513 517 701 313 408 194 151 296 10 932 805 964 367 744 201 236 139 781 908 625 652 284 32 643 503 928 34 73 441 884 801 608 465 114 831 462 163 376 799 31 665 520 698 45 530 986 999 256 403 644 533 426 445 949 221 380 373 83 861 420 511 340 684 57 19 573 166 632 325 370 473 369 17 748 591 216 823 96 225 850 615 755 88 374 898 128 769 388 266 343 135 535 790 764 434 12 855 497 55 179 676 992 754 371 206 789 466 894 29 134 366 399 607 157 398 856 852 881 648 766 614 302 774 6 164 115 721 834 76 460 354 252 734 424 736 945 360 1 847 634 690 722 649 311 825 307 960 23 237 379 963 168 637 383 310 943 75 108 241 848 51 187 137 468 339 455 149 826 524 771 292 784 14 981 854 761 940 386 319 453 711 685 40 191 872 233 612 220 703 177 79 688 122 733 382 156 442 21 37 487 883 300 807 815 77 357 616 407 437 903 924 609 28 669 982 994 946 3 860 919 900 577 193 775 94 777 750 147 550 584 819 42 773 595 696 695 315 824 596 810 605 716 331 971 99 271 654 141 491 629 916 142 749 795 49 995 174 560 536 839 375 111 710 545 18 479 603 496 124 353 681 98 85 966 598 414 405 140 257 281 967 401 742 484 563 355 917 377 262 324 541 423 893 25 767 483 334 485 421 796 660 962 336 820 741 84 43 670 842 323 188 61 385 396 159 463 622 818 565 16 782 527 770 653 896 639 934 941 180 931 564 412 987 97 214 623 506 944 189 129 600 668 263 190 519 846 797 322 459 338 406 138 171 869 162 316 743 548 574 400 793 988 242 955 583 230 116 626 297 802 433 909 693 549 197 531 86 59 663 222 559 136 238 780 145 419 335 867 2 153 514 72 792 78 314 204 15 285 347 882 758 723 552 555 707 74 265 275 630 446 658 752 800 304 788 362 891 619 858 952 132 416 351 918 269 554 763 803 539 429 699 942 580 346 983 561 705 240 38 935 804 791 469 254 708 674 245 816 689 746 488 692 133 719 52 199 886 645 235 798 474 113 490 694 413 306 844 920 30 352 821 895 712 185 22 208 921 274 604 93 729 808 635 571 836 294 759 290 996 785 50 63 348 365 95 817 501 662 538 231 678 953 291 686 472 557 620 811 268 518 923 475 880 481 372 493 397 765 556 301 618 330 332 246 534 877 430 110 566 636 298 389 726
697 310 13 305 790 764 561 337 618 745 280 545 144 379 689 877 976 566 312 705 433 685 863 98 180 600 33 593 604 774 763 963 25 650 564 22 881 827 927 42 373 386 476 323 687 699 756 641 189 338 938 575 526 502 761 352 464 458 245 758 532 660 53 623 512 282 582 860 490 543 669 283 651 501 977 880 232 315 802 919 904 788 726 979 835 274 711 510 410 228 736 531 992 740 874 892 804 574 217 962 878 287 509 435 48 288 333 794 62 385 456 933 395 342 450 775 473 672 159 362 607 378 886 970 882 441 168 659 7 308 945 732 75 506 402 255 888 57 554 786 1000 899 994 474 371 959 68 405 809 549 728 833 418 275 771 363 114 944 603 366 422 903 530 393 300 212 683 154 126 244 751 709 65 896 929 23 634 521 115 754 767 730 112 799 214 247 148 798 325 900 156 500 957 259 776 317 20 664 415 905 173 281 67 586 610 88 257 50 292 746 54 627 270 831 956 34 360 868 587 496 454 11 111 800 654 595 480 932 253 503 707 810 222 194 759 268 941 505 225 331 946 943 413 778 793 1 3 46 381 645 684 814 765 981 828 252 69 948 908 819 482 853 181 17 673 665 585 694 640 680 542 555 493 536 400 535 894 958 733 459 588 218 475 100 722 213 190 676 936 539 468 817 708 910 249 55 991 734 492 424 674 983 829 97 537 83 9 319 663 748 987 297 269 170 294 636 461 448 514 638 667 735 175 171 404 372 103 466 113 440 364 403 182 801 797 329 538 643 840 79 489 931 742 718 284 529 406 792 408 195 123 416 187 897 467 975 472 350 620 239 836 77 865 49 412 359 343 151 133 850 601 622 525 839 84 755 906 762 852 43 969 36 806 795 6 278 646 264 591 773 739 146 661 893 884 855 483 76 547 455 581 202 425 807 460 986 783 671 861 928 495 818 858 335 617 277 876 954 873 823 145 80 682 99 563 293 302 785 725 613 816 844 375 737 12 307 233 351 842 988 78 436 731 102 324 491 231 784 327 243 164 518 579 208 635 815 647 890 457 38 24 678 947 198 940 90 902 229 950 590 27 70 486 743 86 657 258 729 701 334 153 995 534 615 266 183 368 304 825 262 498 481 624 465 996 517 223 713 140 520 267 162 608 727 121 558 322 599 662 782 122 60 867 41 389 872 499 330 163 439 789 568 691 949 93 221 644 29 177 750 200 369 576 712 757 438 611 973 859 544 242 971 666 907 772 642 89 263 87 628 19 8 184 805 216 58 21 101 716 515 446 309 286 513 120 985 508 383 444 129 117 869 668 125 219 276 205 188 414 527 430 921 347 172 895 879 132 160 602 429 546 224 227 589 541 432 462 560 341 551 339 570 358 384 407 290 261 411 31 477 519 105 116 556 361 246 813 52 749 703

Answer:
398

