Name:
Пересечение множеств

Statement:
<p>Даны два списка чисел, которые могут содержать до 10000 чисел каждый.
Выведите все числа, которые входят как в первый, так и во второй список в порядке возрастания.</p>

<p>Примечание. И даже эту задачу на Питоне можно решить в одну строчку.</p>

Test:
1 3 2
4 3 2

Answer:
2 3


Test:
1 2 6 4 5 7
10 2 3 4 8

Answer:
2 4


Test:
82 54 91 100 70 33 88 14 52 48 56 20 63 16 22 23 30 8 84 75 45 95 51 98 4 86 78 24 5 77 76 18 97 10 17 66 2 43 61 53 21 69 19 39 7 11 72 40 79 57 68 96 80 71 67 13 99 83 35 27 28 73 36 6 25 55
10 44 77 90 43 75 25 24 5 21 71 70 83 68 18 92 81 57 27 67 48 6 87 36 64 49 19 72 62 29 22 82 7 17 1 73 54 30 9 66 61 95 55 28 86 39 3 42 74 60 93 2 52 78 34 51 32 94 11 37 26 23 69 58 35 14 84

Answer:
2 5 6 7 10 11 14 17 18 19 21 22 23 24 25 27 28 30 35 36 39 43 48 51 52 54 55 57 61 66 67 68 69 70 71 72 73 75 77 78 82 83 84 86 95

