Name:
Забастовки

Statement:
<p>Политическая жизнь одной страны очень оживленная. В стране действует K политических партий,
каждая из которых регулярно объявляет национальную забастовку. Дни, когда хотя бы
одна из партий объявляет забастовку, при условии, что это не суббота или воскресенье
(когда и так никто не работает), наносят большой ущерб экономике страны.</p>

<p>\(i\)-я партия объявляет забастовки строго каждые \(b_i\) дней, начиная с
дня с номером \(a_i\). То есть \(i\)-я партия объявляет забастовки в дни
\(a_i\), \(a_i+b_i\), \(a_i+2b_i\) и т.д. Если в какой-то день несколько
партий объявляет забастовку, то это считается одной общенациональной забастовкой.</p>

<p>В календаре страны \(N\) дней, пронумерованных от \(1\) до \(N\). Первый день
года является понедельником, шестой и седьмой дни года&nbsp;&mdash; выходные,
неделя состоит из семи дней.</p>

Test:
19 3
2 3
3 5
9 8

Answer:
8


Test:
5 2
1 2
2 2

Answer:
5


Test:
1000 1
1 1

Answer:
715


Test:
1000 1
179 1000

Answer:
1


Test:
1000 1
700 1000

Answer:
0


Test:
100000 2
746 23
9578 12

Answer:
8231


Test:
100 3
39 68
62 17
7 72

Answer:
3


Test:
1000 10
14 81
79 16
27 44
96 91
6 98
27 48
89 29
30 42
86 90
14 19

Answer:
163


Test:
10000 20
88 53
57 27
33 8
58 55
15 43
59 55
61 37
77 56
15 57
38 42
52 96
64 99
78 2
74 16
23 28
81 12
37 88
83 68
19 86
75 43

Answer:
5572


Test:
100000 50
73 81
70 92
96 1
48 58
9 60
94 94
34 74
100 5
16 7
9 53
22 16
28 69
52 37
10 48
87 71
14 62
63 75
49 84
42 33
64 24
10 35
17 80
56 23
62 20
67 24
4 49
62 68
85 80
57 15
80 69
47 74
12 90
18 9
83 46
56 39
27 76
27 55
2 59
95 80
40 96
45 31
2 49
82 23
72 17
47 21
18 75
93 58
41 9
47 65
69 19

Answer:
71407


Test:
100000 100
97 80
100 80
93 73
14 8
75 36
59 33
13 38
11 16
100 12
73 88
91 13
62 55
43 65
41 88
30 24
15 16
40 5
76 57
89 72
52 77
44 35
46 10
48 12
2 8
26 82
30 37
78 47
15 2
53 55
40 69
29 55
64 81
4 28
93 35
18 63
34 23
69 36
98 8
74 84
33 76
75 84
29 73
16 18
73 19
50 44
79 79
59 54
7 13
86 93
12 16
61 73
44 9
24 25
1 53
39 46
19 72
3 24
55 22
33 73
49 83
40 9
70 56
95 36
47 66
79 54
65 17
3 59
87 24
20 89
3 80
94 1
95 61
27 52
9 55
50 37
20 21
20 62
74 88
72 92
13 76
53 38
12 18
2 80
91 44
87 36
20 9
49 31
72 25
56 34
58 41
19 60
24 39
77 82
9 45
36 77
67 71
84 89
79 74
35 10
6 98

Answer:
71427


Test:
100000 100
1 1
1 1
1 1
1 1
1 1
1 1
1 1
1 1
1 1
1 1
1 1
1 1
1 1
1 1
1 1
1 1
1 1
1 1
1 1
1 1
1 1
1 1
1 1
1 1
1 1
1 1
1 1
1 1
1 1
1 1
1 1
1 1
1 1
1 1
1 1
1 1
1 1
1 1
1 1
1 1
1 1
1 1
1 1
1 1
1 1
1 1
1 1
1 1
1 1
1 1
1 1
1 1
1 1
1 1
1 1
1 1
1 1
1 1
1 1
1 1
1 1
1 1
1 1
1 1
1 1
1 1
1 1
1 1
1 1
1 1
1 1
1 1
1 1
1 1
1 1
1 1
1 1
1 1
1 1
1 1
1 1
1 1
1 1
1 1
1 1
1 1
1 1
1 1
1 1
1 1
1 1
1 1
1 1
1 1
1 1
1 1
1 1
1 1
1 1
1 1

Answer:
71430


Test:
100000 100
1 100
2 100
3 100
4 100
5 100
6 100
7 100
8 100
9 100
10 100
11 100
12 100
13 100
14 100
15 100
16 100
17 100
18 100
19 100
20 100
21 100
22 100
23 100
24 100
25 100
26 100
27 100
28 100
29 100
30 100
31 100
32 100
33 100
34 100
35 100
36 100
37 100
38 100
39 100
40 100
41 100
42 100
43 100
44 100
45 100
46 100
47 100
48 100
49 100
50 100
51 100
52 100
53 100
54 100
55 100
56 100
57 100
58 100
59 100
60 100
61 100
62 100
63 100
64 100
65 100
66 100
67 100
68 100
69 100
70 100
71 100
72 100
73 100
74 100
75 100
76 100
77 100
78 100
79 100
80 100
81 100
82 100
83 100
84 100
85 100
86 100
87 100
88 100
89 100
90 100
91 100
92 100
93 100
94 100
95 100
96 100
97 100
98 100
99 100
100 100

Answer:
71430


